外观###1024, 5, 1033, 10, 11, 1035, 1036, 1040, 1041, 1042, 1043, 20, 1044, 1045, 1047, 24, 1050, 29, 1053, 1054, 2079, 32, 1056, 1057, 1063, 1065, 1066, 1068, 1069, 46, 1072, 1073, 1076, 1079, 56, 1085, 1086, 1087, 1088, 65, 1090, 67, 1092, 1100, 1101, 1102, 1104, 2129, 1109, 1111, 1116, 95, 1119, 1120, 1121, 1122, 1123, 1124, 2149, 1126, 1127, 1129, 1130, 1132, 1135, 1136, 1143, 1144, 1145, 1146, 1148, 1149, 127, 1152, 130, 1154, 1155, 133, 1157, 1159, 137, 1162, 142, 144, 1168, 146, 1171, 1172, 149, 150, 157, 2219, 173, 2221, 174, 183, 1207, 2231, 187, 2239, 200, 1229, 210, 212, 2262, 219, 227, 228, 229, 238, 240, 1264, 241, 1271, 249, 254, 258, 261, 263, 2314, 267, 273, 275, 282, 289, 293, 1319, 297, 303, 2357, 1334, 312, 1342, 1346, 323, 325, 1350, 330, 337, 1363, 352, 355, 360, 365, 1402, 380, 1405, 383, 1408, 385, 386, 389, 392, 393, 1426, 1427, 1428, 405, 412, 1447, 425, 1452, 435, 437, 1469, 450, 470, 475, 478, 483, 484, 1511, 499, 501, 1528, 1529, 506, 1537, 1539, 517, 1549, 527, 1556, 533, 1560, 1564, 1577, 555, 1584, 1592, 571, 576, 580, 1609, 591, 592, 615, 617, 1649, 633, 1670, 647, 650, 652, 657, 662, 1696, 1701, 692, 1720, 1721, 699, 1723, 701, 703, 704, 705, 707, 1731, 710, 1734, 711, 1736, 714, 1738, 1740, 718, 723, 725, 728, 1752, 1756, 733, 735, 1759, 737, 740, 1764, 1766, 743, 1767, 1769, 746, 747, 1771, 748, 1772, 1773, 750, 1775, 1779, 1780, 1783, 1784, 761, 1785, 1786, 764, 765, 1789, 766, 768, 769, 1793, 770, 771, 1796, 1797, 1798, 1799, 1800, 1801, 1804, 782, 1807, 784, 1808, 785, 1810, 1811, 789, 1813, 1814, 791, 792, 793, 794, 1818, 797, 1821, 1822, 799, 1823, 800, 1824, 1825, 802, 803, 1828, 1830, 807, 1836, 813, 1840, 1841, 1843, 822, 824, 1848, 825, 829, 832, 1857, 834, 835, 836, 837, 1861, 838, 839, 840, 841, 1867, 845, 1869, 846, 847, 1871, 850, 1874, 852, 853, 1877, 1878, 856, 1880, 1882, 1883, 860, 861, 1887, 864, 865, 866, 867, 868, 869, 872, 873, 875, 880, 883, 884, 887, 888, 891, 893, 895, 901, 903, 907, 908, 1933, 1934, 911, 912, 915, 919, 925, 1950, 928, 929, 1954, 931, 933, 936, 937, 939, 940, 943, 944, 947, 949, 951, 952, 955, 957, 959, 963, 964, 966, 969, 973, 979, 980, 981, 982, 987, 989, 990, 991, 994, 998, 999, 1000, 1002, 1005, 1007, 2031, 1008, 1010, 1013, 1014, 2040, 1017, 1019
反应快###65, 129, 322, 169, 106, 172, 110, 143, 175, 176, 49, 81, 145, 20, 150, 412, 158, 159
反应###32, 386, 1250, 67, 131, 1348, 165, 1189, 105, 12, 1293, 238, 1330, 147, 1619, 1022, 1183, 1247, 1599
价格###256, 2050, 263, 2058, 780, 526, 15, 274, 2066, 532, 1812, 2068, 280, 30, 289, 546, 2338, 553, 2089, 300, 2093, 308, 1332, 2100, 310, 566, 2358, 56, 2361, 2106, 2107, 2108, 575, 65, 577, 581, 1608, 329, 2124, 336, 2128, 337, 2131, 84, 85, 342, 598, 87, 88, 91, 605, 2141, 95, 352, 101, 102, 2152, 617, 2155, 372, 1909, 374, 119, 378, 124, 1918, 1152, 385, 643, 2179, 132, 136, 393, 394, 650, 2186, 651, 907, 396, 397, 653, 1165, 398, 655, 400, 914, 2195, 405, 2198, 1431, 152, 665, 923, 413, 1949, 670, 673, 674, 1442, 2211, 938, 1963, 1965, 1968, 177, 1969, 693, 441, 1466, 2234, 1985, 1989, 199, 712, 459, 2252, 2253, 462, 1999, 1744, 468, 215, 472, 984, 1752, 2264, 217, 2265, 2011, 2269, 2270, 480, 225, 226, 2274, 485, 2278, 231, 743, 233, 745, 747, 2283, 236, 2284, 2029, 496, 497, 498, 243, 500, 502, 504, 1272, 2299, 510
屏幕###1024, 2, 1282, 2051, 261, 12, 269, 1293, 17, 275, 21, 791, 2327, 1050, 27, 28, 284, 285, 2333, 34, 1058, 2339, 549, 1318, 40, 1066, 299, 300, 2350, 815, 304, 1584, 2352, 2097, 50, 1842, 2354, 307, 820, 1332, 2100, 1845, 2357, 2358, 56, 1592, 2104, 2105, 314, 316, 1084, 1596, 2108, 61, 1855, 1088, 321, 324, 1348, 325, 2117, 326, 2119, 1097, 75, 331, 1355, 1100, 77, 1101, 80, 81, 84, 340, 859, 351, 1634, 1123, 356, 1124, 1637, 1128, 1899, 1134, 111, 879, 1904, 882, 115, 629, 887, 376, 1144, 121, 122, 123, 128, 1155, 388, 2184, 1677, 143, 656, 2192, 1171, 1173, 2197, 153, 154, 410, 2202, 667, 157, 159, 160, 162, 163, 1445, 937, 1454, 1966, 1711, 2223, 176, 433, 689, 1970, 691, 694, 1725, 1472, 452, 198, 1734, 199, 1736, 458, 1227, 2253, 208, 2257, 214, 470, 1238, 729, 985, 474, 475, 221, 989, 229, 233, 489, 746, 237, 1520, 2033, 2290, 755, 1268, 1524, 247, 760, 2040, 249, 507, 252, 508, 764, 1788, 253, 1277, 510, 255
时间###1734, 2182, 2312, 1997, 1231, 1745, 2257, 2324, 1241, 2201, 2331, 2014, 1633, 1314, 1506, 2211, 1254, 2278, 1383, 2152, 1962, 428, 2100, 1270, 1592, 1273, 1977, 1723, 1407
缺点###1472, 1602, 1478, 1991, 202, 2123, 140, 2063, 2127, 1937, 1874, 2003, 1175, 1239, 1240, 1560, 1816, 2073, 1242, 1498, 2010, 1629, 671, 1311, 2145, 1443, 1699, 2275, 1445, 2023, 2025, 429, 1135, 1522, 1843, 2166, 1399, 1719, 1656, 1465, 2361, 2365, 1918
卡机###1216, 1248, 1440, 2112, 194, 1411, 1539, 1196, 1198, 1294, 1422, 943, 1393, 1622, 1623, 1466, 379, 1372, 1438
样子###1858, 1955, 644, 869, 1702, 1770, 1866, 1003, 814, 1875, 2323, 1780, 757, 406, 758, 2166, 377, 1052, 1117, 1758, 1918, 1855
速度###385, 4, 135, 264, 9, 144, 18, 664, 409, 26, 410, 795, 289, 1569, 290, 291, 294, 167, 296, 169, 297, 681, 171, 302, 303, 1583, 1076, 55, 311, 314, 574, 321, 323, 70, 331, 719, 1499, 477, 95, 351, 608, 98, 482, 1509, 360, 618, 235, 621, 2293, 380, 125
功能###640, 641, 897, 1924, 645, 901, 268, 908, 398, 143, 912, 658, 1170, 659, 915, 1175, 664, 921, 669, 30, 926, 32, 929, 674, 675, 931, 932, 425, 810, 1584, 49, 824, 826, 447, 194, 67, 835, 708, 709, 838, 968, 585, 2121, 330, 1866, 975, 1359, 88, 218, 858, 731, 93, 733, 1246, 223, 2273, 483, 867, 358, 616, 620, 876, 365, 622, 1135, 240, 241, 114, 754, 884, 245, 629, 246, 119, 375, 631, 763, 764
质量###898, 1666, 1730, 2114, 7, 1224, 1353, 1354, 1355, 398, 1486, 1999, 1360, 1362, 1491, 1556, 1303, 1178, 1628, 1373, 1757, 607, 1247, 2273, 1188, 617, 1389, 1581, 1711, 437, 1077, 1717, 438, 1206, 1911, 1273, 1275, 508, 1660, 446, 1406, 2174
内存###672, 2112, 1347, 1541, 1925, 461, 1742, 623, 1903, 48, 1712, 1201, 178, 1138, 1907, 468, 1525, 2038, 2294, 2072, 633, 476
性能###1030, 10, 1035, 783, 529, 1041, 1042, 1043, 277, 534, 1047, 799, 1056, 289, 549, 551, 807, 552, 41, 810, 47, 50, 821, 566, 1079, 60, 828, 61, 575, 831, 64, 1089, 578, 579, 69, 70, 1094, 585, 587, 76, 588, 589, 845, 847, 592, 338, 850, 598, 87, 88, 345, 347, 351, 356, 102, 358, 104, 105, 361, 617, 107, 620, 110, 366, 368, 624, 113, 1137, 373, 630, 895, 384, 132, 388, 900, 649, 650, 651, 653, 910, 399, 655, 146, 403, 660, 405, 663, 664, 411, 412, 413, 671, 1695, 673, 164, 420, 1702, 679, 682, 171, 685, 430, 436, 181, 441, 442, 954, 443, 448, 193, 450, 2243, 459, 460, 463, 465, 212, 469, 215, 983, 984, 217, 477, 991, 1760, 225, 226, 482, 228, 997, 486, 998, 231, 999, 488, 489, 750, 1010, 1778, 248, 505, 1274, 1019, 1021, 510
像素###257, 3, 4, 1285, 17, 1556, 1302, 25, 538, 797, 800, 1313, 1826, 294, 1578, 45, 815, 49, 817, 818, 819, 1075, 1331, 820, 566, 822, 824, 825, 314, 61, 317, 829, 830, 1086, 1087, 577, 1601, 834, 1860, 326, 838, 1095, 1096, 1104, 81, 1109, 1878, 866, 868, 102, 106, 1388, 1392, 881, 884, 630, 887, 1399, 376, 122, 890, 379, 894, 1152, 645, 902, 138, 1172, 157, 416, 418, 163, 420, 2214, 1450, 685, 1198, 1199, 944, 1456, 1457, 691, 949, 1208, 697, 190, 447, 1217, 706, 1475, 708, 709, 965, 710, 1480, 969, 1225, 1481, 462, 464, 722, 1490, 468, 982, 729, 2265, 1246, 1503, 737, 1250, 2274, 1507, 1252, 1254, 494, 1519, 499, 755, 501, 503, 760, 1272, 761, 508, 511
问题###13, 1549, 1942, 1946, 1307, 161, 1185, 34, 1186, 1187, 2340, 2214, 1319, 2348, 1966, 1713, 1593, 1346, 1730, 1219, 1220, 1736, 201, 1617, 1745, 2129, 1362, 1874, 211, 1240, 2010, 1500, 1629, 1248, 2019, 1256, 2026, 1260, 116, 117, 1526, 503, 1529, 1402, 1530, 379, 1275, 2045, 1406, 2174
机身###4, 1413, 1222, 1415, 10, 1738, 1739, 652, 1420, 1807, 2255, 913, 1297, 83, 1299, 2323, 276, 1301, 1366, 279, 2263, 1241, 1437, 1629, 2013, 98, 101, 549, 1257, 2217, 938, 1323, 1325, 111, 1264, 1202, 2355, 1909, 2294, 1401, 1467, 1404, 1916, 958, 1214, 1470
边框###1153, 1665, 1697, 930, 1219, 1832, 2250, 1675, 1100, 1678, 1742, 1521, 1681, 1845, 1654, 2327, 1848, 1660, 958, 1246, 1087, 1823
希望价格###1024, 1028, 2181, 2062, 2126, 2193, 1943, 2007, 794, 2140, 2012, 2205, 2207, 801, 1953, 1123, 2085, 936, 1129, 2154, 2027, 1964, 2028, 2094, 1071, 1967, 2167, 2169, 2041
信号###0, 1600, 1345, 1441, 1315, 1284, 1253, 1318, 2054, 1351, 1577, 1643, 1198, 370, 1298, 1682, 371, 1364, 1492, 1686, 1176, 1339, 2139, 1278
手感###321, 387, 1539, 324, 1604, 389, 263, 392, 331, 1291, 12, 141, 210, 339, 150, 33, 418, 227, 170, 175, 944, 1649, 370, 1650, 371, 249, 250
概念###1792, 1858, 644, 1796, 1861, 1031, 1799, 1740, 1868, 1805, 1807, 2320, 916, 918, 1879, 2200, 1754, 1882, 796, 1885, 1823, 1887, 1888, 1890, 614, 1702, 1767, 1064, 1193, 1769, 1771, 2349, 1839, 1840, 1841, 1779, 1843, 1780, 1844, 1783, 1720, 1848, 1020, 1853, 1981, 1854, 2110, 1855
外形###641, 1030, 1800, 1161, 1675, 1164, 14, 783, 1040, 17, 20, 1812, 789, 1558, 409, 1823, 1697, 422, 1702, 1319, 809, 1067, 44, 814, 1070, 1326, 560, 945, 181, 821, 1718, 311, 2359, 1848, 1593, 1849, 826, 1211, 316, 700, 1212, 706, 1858, 1604, 1732, 843, 1611, 1998, 1105, 1873, 722, 341, 1750, 1879, 729, 859, 476, 2140, 1118, 1504, 1760, 1634, 1635, 484, 1636, 1128, 1771, 621, 1261, 1651, 1653, 1526, 632, 1016, 761, 506, 1787, 380, 894
手机###4, 772, 6, 262, 774, 776, 9, 1801, 1547, 1548, 2317, 16, 1040, 274, 2323, 2324, 26, 2330, 2075, 1308, 1566, 2078, 543, 2337, 34, 1570, 1827, 806, 1319, 296, 1580, 1324, 1836, 46, 2352, 1591, 823, 824, 1337, 61, 831, 1855, 576, 1089, 1345, 1857, 322, 580, 1604, 1608, 2121, 1353, 74, 75, 1867, 845, 79, 1359, 1874, 853, 1367, 1116, 1629, 1637, 105, 2154, 1386, 1898, 2155, 1388, 1135, 2160, 368, 1650, 370, 1139, 371, 1398, 1655, 888, 379, 1916, 126, 1150, 1406, 1152, 1920, 1921, 642, 131, 1411, 1923, 900, 133, 901, 1160, 650, 1674, 141, 398, 143, 2192, 1424, 1936, 1682, 1685, 1942, 2199, 1688, 1179, 1180, 1692, 1436, 1181, 1437, 158, 1183, 1695, 1696, 1185, 1703, 1194, 1450, 1963, 1452, 1710, 2222, 1199, 1455, 1712, 177, 945, 178, 946, 1203, 436, 437, 950, 1208, 2232, 1464, 185, 1210, 954, 188, 701, 2243, 1733, 459, 1228, 1741, 2253, 206, 974, 1486, 1745, 2001, 2267, 220, 1500, 221, 739, 2019, 484, 2277, 2026, 1771, 1260, 492, 1773, 753, 497, 1523, 1526, 1786, 506, 1535
电池###257, 1281, 1282, 1283, 1029, 2309, 1542, 1291, 2315, 1296, 1552, 1561, 1306, 1562, 1310, 2078, 1314, 1315, 1318, 1574, 1320, 1580, 1836, 2092, 2348, 1325, 1326, 1582, 559, 1839, 1584, 1329, 1585, 1333, 1335, 1592, 1337, 1082, 1339, 1851, 1597, 1087, 1346, 74, 1867, 1358, 81, 82, 1363, 1876, 341, 1878, 1881, 1370, 2139, 1372, 1373, 1374, 2142, 1888, 1636, 1637, 1895, 104, 1640, 1641, 877, 1389, 1390, 1394, 890, 2177, 386, 1414, 1670, 1415, 1160, 1417, 1421, 654, 1936, 1681, 1433, 411, 1179, 1436, 1437, 1186, 1188, 1700, 1190, 1446, 1191, 1448, 1194, 2218, 428, 685, 1201, 1202, 1205, 1462, 1207, 1208, 1215, 1216, 1218, 1219, 2243, 1476, 2244, 1734, 1228, 1234, 1490, 1237, 1494, 216, 2010, 476, 1500, 1246, 1247, 1503, 1504, 1760, 1506, 1507, 1768, 2024, 1258, 2026, 1261, 2285, 1265, 2033, 2290, 2292, 2293, 1782, 1015, 2042, 2300, 2045, 1279
硬件###321, 770, 963, 1801, 1993, 331, 781, 1744, 1745, 594, 595, 532, 1045, 343, 601, 346, 740, 1828, 613, 879, 1393, 1525, 504, 1464, 313, 633, 58, 507
颜色###65, 131, 133, 1865, 459, 1931, 2124, 1933, 1806, 1998, 1040, 2065, 2260, 24, 2074, 2016, 2018, 2146, 2339, 2277, 1960, 1967, 2287, 1712, 1331, 1978, 1339, 1919
小米###1024, 1025, 1027, 1539, 1284, 1799, 9, 268, 2061, 784, 785, 532, 788, 1556, 533, 1815, 2328, 29, 1566, 31, 543, 292, 2340, 550, 1062, 1835, 1836, 302, 559, 560, 1841, 308, 1846, 311, 1848, 313, 1082, 315, 1083, 1596, 1852, 576, 580, 838, 1095, 842, 1866, 1357, 1618, 1874, 1620, 85, 1881, 2138, 859, 604, 1116, 94, 863, 614, 871, 1896, 362, 1386, 620, 1389, 1135, 1136, 881, 1393, 1905, 370, 1650, 1906, 371, 1139, 379, 2171, 893, 1149, 1923, 1670, 1926, 135, 1160, 1674, 1930, 2190, 1679, 1171, 1686, 1944, 1181, 1182, 927, 673, 1187, 2216, 1193, 1451, 1708, 1709, 943, 1199, 1711, 1713, 434, 947, 1717, 1206, 1463, 1979, 188, 1724, 1980, 703, 1983, 1472, 451, 966, 1478, 713, 717, 1486, 1745, 978, 2005, 1238, 1750, 1239, 1752, 1498, 1754, 736, 1760, 995, 2019, 484, 997, 998, 1770, 1771, 749, 1774, 2031, 1779, 1525, 1782, 1273, 506, 1532, 1023
摄像头###2304, 2305, 2306, 1987, 2179, 1604, 2248, 2249, 2313, 2314, 587, 1867, 1102, 2321, 1938, 2322, 2323, 2068, 345, 2329, 538, 2331, 2332, 2335, 1826, 2210, 2341, 2342, 2343, 2345, 1706, 2346, 2347, 2348, 2286, 815, 691, 949, 2357, 2294, 2358, 1528, 1661, 1853, 2237
系统###259, 901, 390, 908, 658, 1171, 1556, 150, 662, 1942, 281, 154, 282, 283, 669, 160, 288, 2208, 545, 676, 421, 805, 48, 179, 52, 182, 1846, 2231, 56, 57, 313, 1596, 1852, 2109, 1088, 1347, 1605, 205, 717, 1101, 1229, 334, 337, 338, 84, 85, 341, 1238, 1754, 1499, 606, 608, 1376, 227, 1385, 1514, 1517, 884, 1526, 1016, 122
性价比###256, 512, 257, 514, 517, 8, 521, 779, 780, 13, 528, 1553, 274, 532, 277, 533, 1557, 281, 537, 282, 27, 540, 796, 541, 542, 798, 544, 801, 290, 35, 291, 548, 38, 296, 554, 555, 300, 304, 306, 563, 308, 564, 565, 57, 319, 320, 321, 582, 72, 328, 584, 73, 331, 334, 336, 593, 594, 342, 343, 601, 602, 603, 92, 604, 353, 354, 1122, 1379, 356, 612, 101, 615, 362, 619, 364, 365, 1645, 622, 368, 624, 625, 372, 628, 629, 374, 376, 124, 381, 387, 900, 646, 902, 137, 393, 649, 1166, 1169, 402, 1170, 410, 668, 413, 414, 671, 672, 417, 673, 421, 168, 424, 429, 943, 1456, 433, 1457, 435, 180, 182, 440, 185, 1209, 698, 444, 189, 446, 1982, 452, 964, 197, 454, 455, 456, 458, 971, 462, 719, 466, 469, 470, 216, 474, 476, 479, 224, 226, 738, 741, 230, 487, 490, 492, 237, 759, 507, 1019, 508, 764, 509, 254
整体###1, 769, 3, 1219, 484, 873, 1545, 970, 1034, 523, 907, 1100, 1103, 1135, 848, 401, 1556, 1620, 952, 1144, 506, 794, 799
苹果###2306, 900, 774, 775, 136, 1673, 2317, 782, 784, 1040, 1936, 785, 274, 1683, 533, 789, 1173, 1175, 2337, 806, 1576, 944, 1713, 2358, 311, 951, 824, 1337, 2236, 1086, 1089, 1346, 845, 1871, 1616, 1361, 722, 978, 853, 1626, 1122, 996, 743, 616, 1896, 362, 1519, 497, 758, 379, 765, 1150
配置###513, 1026, 517, 518, 8, 520, 1033, 524, 1038, 16, 1553, 531, 532, 1556, 23, 1048, 538, 27, 1051, 541, 1053, 542, 1054, 545, 1057, 1058, 41, 1065, 554, 556, 1068, 559, 1072, 562, 565, 566, 55, 567, 1591, 56, 568, 569, 570, 572, 573, 581, 582, 583, 1095, 73, 586, 1100, 1102, 1105, 594, 1106, 595, 596, 597, 598, 599, 601, 91, 603, 605, 607, 608, 609, 610, 611, 612, 101, 613, 615, 618, 626, 627, 628, 629, 631, 633, 634, 637, 638, 639, 640, 642, 643, 1157, 648, 649, 650, 139, 654, 655, 657, 1169, 1171, 661, 152, 664, 665, 666, 669, 670, 672, 673, 1698, 675, 164, 165, 677, 166, 678, 680, 683, 685, 686, 688, 1200, 691, 692, 693, 182, 183, 696, 185, 186, 191, 192, 707, 712, 203, 211, 728, 222, 224, 226, 738, 740, 233, 746, 235, 236, 237, 240, 241, 245, 1782, 759, 248, 261, 264, 267, 270, 271, 786, 276, 1814, 279, 1821, 289, 802, 803, 2340, 2341, 298, 299, 815, 1843, 827, 832, 1857, 338, 1874, 852, 854, 343, 855, 346, 356, 868, 357, 873, 363, 365, 372, 373, 885, 374, 376, 888, 378, 382, 386, 901, 907, 396, 399, 400, 401, 402, 403, 919, 1431, 922, 926, 416, 928, 929, 1442, 420, 936, 939, 429, 942, 943, 432, 951, 955, 444, 446, 448, 963, 964, 1479, 458, 460, 464, 978, 983, 474, 480, 997, 486, 1000, 490, 1005, 1007, 1008, 498, 1014, 504, 507, 508
价钱###2081, 2178, 36, 38, 744, 137, 554, 2253, 142, 1935, 497, 530, 726, 1398, 666, 379, 286, 478
运行速度###161, 355, 260, 103, 44, 108, 141, 174, 47, 80, 212, 116, 117, 118, 25, 121, 123, 61, 701, 286
机子###578, 1220, 1990, 1479, 1290, 1802, 1994, 76, 1232, 17, 401, 1618, 1876, 1879, 1176, 1178, 1883, 2268, 1830, 1639, 1768, 41, 106, 366, 430, 1909, 2231
游戏###129, 1281, 132, 1541, 9, 1299, 2323, 21, 150, 1559, 1176, 1177, 1305, 155, 667, 284, 1180, 2335, 1440, 1441, 1314, 1956, 1323, 300, 1580, 1325, 302, 1455, 1583, 178, 311, 184, 1337, 61, 2365, 1345, 1346, 1226, 1482, 205, 81, 1619, 1367, 2263, 216, 219, 95, 1247, 355, 1256, 489, 1386, 238, 1270, 1398, 1272, 127
效果###1188, 1189, 1639, 106, 1418, 299, 237, 176, 208, 401, 1524, 341, 2294, 1144, 1145, 474
