miui系统###1088, 1984, 1156, 1860, 3525, 8, 9, 2123, 268, 2125, 1232, 28, 3677, 1119, 4959, 3424, 97, 5282, 1125, 39, 2471, 560, 4016, 1136, 4592, 4914, 434, 5302, 4794, 5307
2s###256, 3201, 2, 4, 1031, 3336, 4744, 3721, 3856, 918, 5270, 1047, 281, 1561, 3353, 1436, 3869, 673, 5027, 164, 165, 3624, 1066, 45, 819, 3000, 2620, 1981, 3519, 3650, 5315, 5060, 1221, 1479, 4679, 4936, 74, 76, 1232, 339, 1107, 469, 4950, 855, 1880, 4313, 4953, 218, 1754, 1375, 4577, 2786, 4712, 1641, 5226, 1902, 3569, 1651, 3956, 3320, 890, 3322, 123, 1659, 3579, 254, 3070, 4094, 3583
3g###3074, 3842, 4867, 516, 1542, 2057, 3594, 268, 781, 526, 3342, 15, 17, 3602, 21, 24, 1560, 537, 285, 1827, 2596, 39, 3371, 3884, 2605, 4146, 1332, 54, 3384, 5176, 1853, 63, 3135, 3905, 578, 2114, 3140, 1864, 3656, 3658, 75, 2635, 589, 1103, 1871, 336, 3930, 2139, 1118, 96, 2657, 2402, 4708, 2665, 2164, 1909, 379, 3201, 1411, 3203, 4484, 1927, 141, 909, 1677, 399, 3984, 3217, 3985, 4245, 3484, 1437, 4509, 4510, 1440, 1956, 683, 173, 430, 1200, 4530, 699, 1723, 448, 1984, 4544, 2497, 2498, 1219, 3523, 1220, 1989, 3269, 1990, 4298, 1486, 3024, 3283, 4563, 724, 727, 1242, 2266, 2523, 476, 5085, 481, 4834, 2533, 236, 748, 1774, 239, 751, 3312, 509
4g###1538, 3074, 1543, 526, 3600, 3601, 3602, 22, 1054, 2591, 3106, 4642, 4643, 2087, 1577, 1578, 3626, 1580, 1581, 3636, 54, 5175, 2618, 5187, 3653, 5189, 4678, 4680, 3146, 5194, 75, 76, 3660, 2127, 82, 2139, 4701, 96, 2657, 611, 4708, 102, 4199, 5230, 2671, 628, 120, 124, 1660, 125, 5245, 2177, 3201, 1154, 2178, 146, 147, 149, 2713, 671, 1186, 1195, 5292, 5294, 5298, 2744, 699, 2243, 709, 4807, 3275, 1746, 212, 727, 1239, 2775, 217, 1242, 221, 2271, 4834, 4837, 235, 2283, 751, 1783, 248, 1784, 4350, 1791, 771, 3333, 3847, 781, 4884, 279, 1817, 3353, 285, 1309, 1822, 1827, 3882, 304, 4917, 4918, 4919, 3384, 826, 4922, 828, 2876, 1853, 839, 1864, 1871, 4946, 1884, 4959, 2402, 4454, 3958, 1411, 3975, 397, 2957, 3984, 1940, 5016, 2465, 1956, 421, 4525, 1973, 3001, 3513, 4030, 3009, 5060, 1991, 1992, 5068, 4564, 5078, 481, 1516, 496, 4593, 2039, 509, 3583
m4###1411, 388, 3718, 266, 1803, 3468, 4364, 4877, 3983, 1683, 2708, 3735, 415, 2340, 3878, 3879, 2216, 301, 557, 2221, 177, 305, 689, 4146, 2227, 1461, 1085, 1982, 2111, 5183, 2112, 2241, 5185, 325, 4933, 1094, 3526, 1351, 3527, 3275, 76, 4686, 208, 336, 1491, 84, 724, 2004, 2902, 4950, 472, 473, 3035, 3036, 5213, 478, 4959, 2531, 4964, 2533, 4837, 3942, 4710, 2791, 873, 2921, 875, 3053, 4589, 3953, 755, 4469, 5239, 376, 3064, 3193, 2300, 3580
16g###1985, 4548, 2245, 4550, 1993, 3594, 11, 2443, 1804, 79, 17, 3603, 3670, 727, 4952, 2266, 3674, 1373, 1437, 2078, 2271, 1508, 1957, 678, 295, 359, 2599, 4712, 1259, 1835, 1516, 3054, 1135, 2868, 3317, 54, 4982, 1210, 1466, 3132, 3263, 4991
cpu###4996, 268, 2444, 16, 18, 3219, 1173, 5014, 2712, 27, 1052, 4253, 1824, 4256, 2211, 1069, 946, 3634, 5298, 179, 1331, 4275, 4276, 5044, 314, 699, 3771, 1983, 1348, 2245, 3014, 1482, 208, 3024, 1875, 4563, 4948, 856, 4696, 476, 4572, 4573, 1119, 4959, 5090, 1251, 4707, 1894, 4199, 1002, 4586, 1774, 497, 1905, 244, 2164, 3581
nfc###4736, 4992, 1537, 4737, 2114, 4162, 4802, 1411, 4163, 4806, 1543, 522, 1483, 2126, 4558, 3023, 1233, 2641, 3473, 4627, 4628, 1561, 3993, 90, 1562, 4635, 2973, 1120, 481, 162, 482, 994, 1570, 163, 2980, 1509, 488, 4393, 4971, 4078, 3247, 5232, 4593, 882, 3828, 1079
个人###2753, 3842, 1924, 2118, 1927, 3719, 8, 1736, 2569, 268, 270, 1742, 208, 5008, 5264, 1042, 1045, 1557, 406, 662, 1302, 3543, 345, 1625, 4889, 476, 1949, 2142, 863, 4449, 482, 3942, 4198, 493, 1711, 4594, 499, 5235, 3188, 2485, 439, 2168, 826, 701, 2558
产品###773, 3333, 2311, 3336, 1290, 4620, 15, 272, 273, 18, 532, 1302, 281, 1562, 3098, 3099, 1564, 4895, 3104, 1569, 1571, 1831, 1832, 2861, 4657, 4665, 1594, 1090, 589, 2129, 851, 2391, 4954, 1627, 2142, 1888, 1890, 4195, 1895, 872, 4712, 2667, 882, 118, 888, 3202, 388, 3973, 1927, 3463, 2701, 1424, 1937, 658, 3224, 154, 160, 673, 1441, 2466, 1443, 1957, 1703, 936, 685, 431, 1199, 1202, 693, 439, 2238, 2752, 1986, 5060, 1480, 1481, 3276, 3278, 2258, 723, 3027, 3029, 474, 2778, 4314, 2524, 226, 994, 1764, 488, 489, 4329, 2795, 495, 496, 247, 249, 4858, 254
价位###4743, 2699, 3980, 270, 398, 3214, 276, 3220, 1174, 4374, 4886, 2455, 159, 161, 1826, 37, 294, 4646, 40, 2472, 682, 4523, 2094, 2350, 5295, 434, 2359, 2743, 2238, 1473, 2115, 3397, 2503, 717, 1486, 3406, 5070, 2384, 4817, 212, 1621, 2902, 2136, 3929, 478, 4192, 1123, 2150, 4327, 1641, 2665, 2418, 2546, 3060, 1781, 2805, 374, 1398, 1400, 1528
价格###1536, 4609, 5125, 1544, 3080, 521, 2057, 10, 4619, 12, 4115, 5139, 1044, 5141, 535, 1560, 1561, 4123, 1052, 3612, 4636, 5148, 3101, 3613, 4641, 4130, 4132, 1071, 1584, 4144, 4656, 1586, 4658, 1588, 5172, 3125, 5174, 1591, 2105, 4153, 4667, 4159, 68, 2629, 4683, 590, 1102, 1105, 89, 1114, 2138, 2140, 4701, 4705, 1634, 2147, 4196, 1638, 4198, 4710, 4199, 5223, 616, 2155, 4720, 4209, 4721, 2164, 2166, 5238, 631, 2170, 3709, 2175, 3199, 4223, 4224, 2179, 4739, 2692, 645, 2694, 4232, 4748, 5260, 4241, 147, 149, 4757, 2198, 663, 5275, 2717, 3230, 2720, 5281, 2722, 4259, 4773, 1702, 2220, 3756, 4784, 2227, 1719, 5307, 5309, 4799, 705, 1217, 4801, 3779, 198, 3782, 4811, 2254, 3280, 3795, 2778, 1243, 4315, 3806, 2783, 227, 2275, 2787, 1764, 741, 4838, 1767, 746, 747, 748, 3821, 2801, 1269, 2805, 1270, 3835, 3836, 4861, 254, 2817, 772, 2309, 1798, 4359, 2317, 272, 786, 2324, 4888, 2330, 796, 4896, 4898, 3878, 1832, 1325, 3886, 815, 816, 2352, 3377, 2868, 821, 1333, 3384, 3896, 1849, 1338, 1851, 3899, 829, 1343, 1346, 4419, 4421, 3910, 1865, 2378, 2379, 4940, 1870, 3406, 2383, 4431, 1873, 2385, 851, 1370, 2906, 347, 1372, 3934, 2399, 1377, 3940, 4456, 873, 875, 4973, 2415, 1392, 3958, 1399, 4983, 1918, 2942, 2943, 4991, 384, 1411, 3460, 2952, 3985, 1940, 1941, 4501, 3991, 2968, 5017, 4506, 2459, 925, 1949, 3486, 4511, 928, 929, 2977, 5026, 4520, 937, 5033, 4012, 2989, 942, 2990, 2991, 4528, 5044, 4025, 3002, 3516, 3005, 3517, 447, 448, 4544, 1986, 2500, 3013, 968, 1480, 1481, 5065, 5070, 4050, 983, 2009, 986, 476, 990, 479, 991, 3551, 3554, 3556, 3046, 1001, 2025, 1002, 1005, 4589, 4079, 3057, 4081, 1011, 4084, 503, 3576, 1021
东西###256, 578, 1154, 2690, 4869, 1030, 903, 777, 907, 1356, 589, 2129, 1682, 4818, 5267, 980, 3092, 4692, 4950, 1047, 4567, 472, 281, 665, 4057, 1754, 2330, 731, 1053, 4256, 33, 609, 1315, 3172, 4773, 3878, 295, 1197, 2226, 247, 823, 3000, 3387
信号###2561, 4, 5, 2566, 1031, 2057, 4105, 2063, 22, 2582, 535, 26, 3098, 3610, 42, 556, 3628, 3117, 2606, 559, 48, 2608, 3122, 563, 52, 53, 54, 2104, 2105, 2617, 2106, 3132, 62, 4159, 576, 577, 578, 2627, 3653, 1094, 3146, 75, 76, 1101, 2639, 3152, 82, 1107, 2643, 3158, 87, 599, 88, 3160, 1626, 1118, 3166, 3684, 102, 3174, 104, 1647, 3184, 1650, 2674, 3187, 1652, 3190, 3192, 1662, 3198, 1663, 3201, 642, 3714, 1155, 3203, 1156, 133, 1159, 648, 1161, 1675, 5259, 141, 3213, 5264, 2193, 146, 5268, 665, 1690, 1695, 160, 1184, 163, 165, 1704, 169, 1706, 1709, 3245, 690, 1207, 3257, 192, 1729, 1730, 3268, 709, 1221, 716, 207, 208, 3285, 3286, 3295, 228, 3306, 238, 3311, 757, 758, 1272, 1273, 762, 251, 1276, 3326, 770, 1282, 772, 2311, 1288, 777, 1289, 1290, 268, 269, 1805, 3342, 3854, 3855, 273, 275, 278, 279, 2842, 3867, 285, 1310, 3870, 287, 3359, 3360, 4384, 293, 805, 2342, 1321, 3884, 1329, 1331, 3388, 3392, 2369, 2370, 3909, 327, 841, 4942, 337, 3411, 856, 2392, 359, 364, 2413, 2415, 1906, 1909, 2421, 2425, 893, 894, 2431, 896, 388, 3973, 1926, 1927, 3464, 1418, 909, 3469, 1427, 1944, 926, 1950, 2465, 1442, 1956, 1447, 2472, 1450, 428, 429, 1453, 430, 1968, 1457, 1459, 1461, 1973, 2487, 2488, 443, 3517, 958, 1982, 960, 1985, 2497, 3521, 4545, 2498, 2500, 2501, 3013, 3525, 2502, 456, 1481, 2506, 1995, 2002, 2004, 3542, 2519, 984, 5080, 3034, 476, 3549, 3550, 2536, 489, 2025, 2537, 3561, 491, 2027, 3053, 5105, 3571, 1012, 1013, 1014, 504, 1016, 2041, 3577, 5113, 2046, 3070, 3583
优点###1, 1156, 4100, 3461, 6, 1159, 777, 1417, 650, 1162, 1290, 3082, 780, 3468, 655, 783, 406, 1686, 3736, 2329, 4122, 2076, 5282, 2084, 2341, 1962, 2602, 1323, 1324, 4013, 1071, 2227, 4019, 1588, 3256, 3768, 1337, 1465, 1978, 1983, 65, 194, 3396, 3908, 5188, 582, 2374, 3014, 4038, 3529, 3148, 206, 3408, 3027, 4819, 3284, 2517, 726, 730, 2906, 860, 2270, 4446, 863, 480, 355, 1894, 488, 1896, 1645, 754, 4594, 2035, 3060, 381, 2047
做工###387, 2444, 2701, 18, 661, 2965, 3607, 3608, 1817, 3610, 540, 541, 669, 1182, 3999, 4258, 2597, 1702, 2086, 679, 1063, 1703, 1961, 2858, 1323, 3500, 45, 1197, 1325, 1582, 4399, 5041, 1842, 436, 3125, 54, 5302, 2871, 825, 4665, 3643, 2108, 703, 4671, 2498, 3652, 1096, 204, 1230, 1870, 2126, 4047, 1488, 2000, 3792, 4564, 86, 3670, 4950, 216, 858, 3419, 3806, 4319, 4959, 737, 739, 1381, 2538, 2796, 242, 884, 4342, 3448, 2042, 2942
价钱###2945, 835, 5187, 1541, 4364, 5068, 4815, 1808, 1105, 2513, 1108, 341, 790, 2776, 4505, 1498, 3610, 3804, 1821, 2781, 3741, 1375, 2079, 3937, 2530, 1957, 359, 2153, 5165, 3761, 178, 882, 2808, 2936, 377, 701, 4413, 3071
公司###2304, 4801, 2374, 5254, 1927, 1162, 459, 1356, 1167, 2703, 2128, 18, 1171, 1429, 1622, 1623, 857, 219, 604, 3103, 234, 1840, 49, 50, 5298, 563, 52, 4148, 4532, 439, 3639, 4025, 763, 3963, 445, 637, 2238, 2494, 1343
内存###4, 9, 1034, 3594, 11, 526, 15, 2064, 17, 1556, 533, 535, 4631, 537, 4641, 5154, 1061, 3622, 1070, 2094, 573, 63, 2114, 4674, 580, 3140, 5188, 1605, 3653, 3654, 4678, 3660, 5199, 592, 593, 1620, 3670, 3674, 2139, 1119, 3681, 4707, 1636, 3174, 4712, 2153, 2671, 4721, 1149, 2174, 4737, 1155, 5251, 1158, 3719, 3217, 2707, 3228, 4771, 678, 5286, 167, 168, 1708, 4268, 1200, 1210, 700, 1213, 3263, 4801, 1219, 1220, 1224, 209, 723, 724, 726, 2266, 4827, 733, 3293, 4836, 3302, 236, 748, 238, 750, 239, 3313, 755, 3317, 3323, 4859, 764, 1278, 770, 4869, 4358, 789, 2325, 4900, 3365, 806, 295, 1835, 2347, 2349, 2868, 309, 2357, 314, 1353, 854, 3926, 4952, 3930, 1372, 2911, 2402, 884, 1909, 4982, 2423, 4991, 2949, 2950, 1927, 396, 2957, 399, 3482, 1435, 3483, 1437, 2461, 1440, 931, 1957, 2470, 942, 1971, 5043, 2489, 1466, 2493, 1472, 1984, 1985, 4548, 1989, 3013, 4550, 4551, 968, 1993, 970, 1482, 2508, 1486, 3024, 1489, 2517, 1496, 4058, 4576, 2533, 1512, 1002, 1516, 3054, 496, 4594, 1524, 3573, 1014, 3574, 504
像素###3584, 2049, 258, 770, 2050, 4354, 3587, 773, 4359, 8, 1032, 10, 1291, 4621, 2318, 3854, 271, 3855, 529, 2066, 1558, 1560, 2074, 3355, 285, 3101, 2596, 4135, 298, 3883, 2092, 302, 815, 48, 4401, 5170, 4404, 4919, 5175, 3129, 4153, 3387, 1596, 4668, 5180, 829, 3903, 320, 322, 5188, 2890, 1612, 589, 5197, 3152, 593, 5201, 4948, 2645, 2901, 4694, 2391, 4695, 856, 5211, 1628, 3934, 3681, 4963, 2148, 613, 4198, 1127, 1639, 4199, 4206, 1903, 1904, 2672, 3184, 3955, 1908, 5239, 1149, 2174, 2175, 4991, 2433, 1668, 3717, 1417, 1675, 1677, 4494, 2194, 2707, 5012, 406, 5270, 1943, 152, 2713, 5274, 1435, 672, 162, 163, 3491, 4004, 1957, 4517, 425, 937, 4780, 3502, 4783, 1970, 4275, 2228, 5300, 2741, 1462, 2486, 4279, 3512, 953, 1209, 2489, 1722, 1471, 1984, 4544, 705, 2755, 2500, 5060, 2502, 200, 4556, 1229, 1486, 3534, 5071, 2257, 2771, 2773, 727, 1495, 2521, 3035, 3547, 476, 3804, 4061, 225, 4577, 3300, 1254, 3302, 1768, 1769, 1002, 4586, 1259, 3564, 238, 2542, 495, 496, 1013, 5109, 1271, 3576, 2813
功能###2049, 3842, 773, 3336, 3593, 10, 2059, 3342, 2576, 785, 786, 1045, 535, 1560, 2072, 1562, 285, 1566, 4638, 4639, 4641, 1570, 1571, 1574, 3111, 3881, 3114, 3882, 1580, 2348, 4397, 3375, 305, 306, 307, 563, 308, 2613, 3637, 3638, 2871, 3384, 4152, 3131, 1340, 2364, 2620, 3134, 3647, 1088, 2884, 2378, 2634, 3146, 4431, 2129, 4692, 5205, 599, 3422, 3934, 352, 4192, 1122, 3682, 613, 3686, 3942, 1130, 2668, 2672, 882, 5235, 1655, 2167, 2168, 1401, 4218, 2428, 1151, 4992, 3457, 903, 1927, 5256, 4749, 915, 660, 4244, 1429, 5270, 2199, 3996, 2207, 161, 673, 162, 163, 2211, 3748, 2471, 4264, 1193, 3753, 3501, 4270, 2224, 4784, 690, 2487, 4282, 699, 5307, 446, 2239, 448, 4802, 451, 197, 3525, 2502, 4806, 967, 4551, 1737, 2251, 2508, 1229, 4305, 978, 4563, 1237, 472, 3544, 473, 4825, 2266, 3034, 476, 3804, 2270, 480, 2016, 488, 4586, 1264, 1009, 4081, 5105, 1781, 4085, 1526, 3580, 4861
反应###5188, 2629, 1414, 1547, 76, 1677, 2318, 3345, 531, 1171, 3283, 404, 3604, 4052, 2645, 406, 2774, 87, 535, 1495, 280, 3544, 161, 2404, 2341, 3431, 232, 1769, 3564, 2351, 5105, 3252, 375, 376, 571, 255, 1727, 1919, 3903
后盖###2562, 2051, 4099, 2052, 1802, 523, 4620, 2061, 16, 2064, 3860, 3607, 1307, 1308, 1567, 1057, 2342, 1064, 4649, 2859, 1332, 4148, 4663, 1082, 1859, 2372, 2885, 2118, 1351, 1096, 1098, 589, 1357, 3917, 1358, 1870, 2126, 3918, 2898, 4179, 1367, 2903, 344, 856, 90, 2394, 2906, 3676, 2909, 95, 864, 2658, 2915, 3940, 357, 2918, 615, 4199, 3944, 4201, 1387, 4206, 3951, 368, 882, 2930, 1142, 2936, 2937, 3456, 5254, 1927, 1160, 4491, 399, 2704, 2451, 3219, 2711, 3991, 408, 5275, 924, 2716, 2972, 3228, 5278, 1952, 929, 1188, 5287, 430, 1454, 2478, 4017, 4020, 1976, 2746, 4794, 2493, 3517, 702, 3006, 2242, 2498, 3010, 4547, 1733, 3527, 4295, 3528, 1993, 3788, 3533, 4558, 1746, 3794, 724, 3796, 4823, 1502, 1760, 484, 996, 4068, 1001, 491, 4587, 497, 2801, 3314, 4084, 1525, 1781, 1278
品牌###3908, 3974, 2248, 4232, 2057, 1866, 268, 2513, 531, 1172, 3285, 1561, 2201, 1820, 5276, 1821, 2205, 1634, 1762, 1763, 1764, 2278, 3943, 3624, 1001, 3305, 298, 431, 3958, 1467, 701, 766, 1342, 1343
垃圾###2053, 2565, 3333, 5126, 7, 2055, 2056, 777, 1033, 4105, 1035, 3083, 2830, 2831, 2580, 534, 790, 3099, 286, 4895, 4130, 2085, 1830, 3110, 1321, 556, 2861, 814, 313, 569, 3129, 314, 316, 572, 3134, 1599, 1091, 3907, 326, 4679, 1611, 3403, 588, 589, 1357, 3149, 334, 3150, 3406, 3409, 851, 340, 3160, 606, 3168, 362, 2410, 619, 2158, 3442, 2420, 376, 3193, 3451, 380, 3452, 637, 1917, 382, 3454, 383, 3199, 385, 3202, 3203, 2437, 137, 1163, 1164, 141, 1167, 3983, 5264, 146, 658, 3223, 1698, 2466, 675, 1699, 1700, 1702, 174, 942, 1968, 1458, 3507, 436, 4020, 1973, 438, 1974, 4029, 3774, 4031, 960, 1732, 971, 1229, 464, 3283, 4308, 3285, 3286, 2519, 985, 2266, 3804, 2269, 3293, 5090, 228, 242, 3314, 759, 248, 1272, 1273, 763, 3324, 4348
地方###2369, 2370, 709, 1157, 1159, 1160, 1224, 11, 141, 3920, 4691, 279, 3927, 88, 472, 925, 1053, 3359, 3360, 1570, 4898, 1571, 676, 293, 1125, 1447, 2921, 42, 2219, 2352, 3184, 5296, 177, 753, 2930, 1843, 3571, 1014, 2423, 2487, 3256, 2617, 1210, 2555, 1919
国货###2752, 2944, 3968, 2241, 1602, 198, 4551, 1870, 2702, 1039, 2256, 3728, 1299, 1750, 2779, 1053, 2783, 3168, 226, 1890, 2725, 4198, 1769, 556, 4588, 942, 943, 4143, 753, 754, 1460, 3511, 1401, 2749, 1598, 1087, 3583
大小###2, 1667, 2950, 2311, 968, 4106, 4874, 2635, 4493, 4240, 2513, 210, 3794, 5268, 469, 535, 344, 90, 2077, 1118, 739, 164, 1321, 5226, 2989, 2222, 2991, 1584, 2097, 4721, 1331, 1843, 5302, 1335, 254, 4991
外形###3201, 1411, 1413, 398, 4240, 5008, 2707, 3988, 663, 5272, 5017, 3866, 3611, 5275, 1052, 5276, 672, 1952, 3494, 679, 1831, 2217, 1066, 431, 48, 2224, 4402, 1203, 4020, 2613, 699, 4923, 2620, 4413, 2110, 5058, 3523, 4419, 4932, 4933, 582, 1481, 3914, 1227, 1228, 3533, 3534, 3535, 5073, 724, 213, 3285, 3670, 4950, 5206, 4951, 3035, 478, 862, 863, 1759, 865, 2017, 5091, 1508, 5092, 615, 5226, 5231, 5104, 4978, 2294, 3705, 2299, 3964, 1021, 3709, 4477, 4606, 2687
外观###2, 2050, 2054, 8, 2057, 12, 13, 4109, 2066, 19, 4115, 20, 22, 25, 4122, 2079, 35, 4135, 41, 2091, 2095, 49, 4147, 2100, 4149, 60, 4157, 64, 68, 2118, 4166, 4174, 4175, 4179, 4180, 4182, 2137, 97, 4195, 4196, 4198, 2151, 2152, 4200, 2153, 2155, 4206, 2159, 2161, 117, 2167, 121, 123, 126, 4223, 2176, 2179, 4230, 4233, 2188, 142, 145, 4241, 2199, 153, 4249, 2206, 164, 2212, 4263, 2216, 4264, 4265, 2219, 2222, 2223, 4271, 4272, 178, 183, 4279, 4280, 185, 4281, 4282, 4284, 4295, 4298, 2252, 4301, 2254, 208, 2257, 4305, 210, 4315, 2270, 223, 4319, 225, 2273, 226, 234, 238, 4334, 239, 4338, 2291, 2297, 254, 4351, 4354, 4355, 2308, 4359, 264, 2314, 4363, 268, 4365, 2318, 4367, 2324, 4372, 2327, 2328, 281, 2333, 2334, 4382, 2337, 291, 295, 298, 4395, 4397, 4404, 309, 4408, 2364, 4413, 318, 4420, 2383, 344, 345, 2393, 4453, 360, 363, 4462, 2415, 2416, 369, 4465, 4466, 4467, 4468, 373, 2421, 4469, 4472, 377, 4476, 384, 2436, 4486, 4489, 2442, 2444, 4494, 2453, 406, 4509, 2462, 422, 2471, 4527, 434, 4532, 437, 440, 2490, 2494, 4543, 2497, 4545, 2498, 4547, 452, 2500, 2505, 461, 2509, 4557, 467, 4563, 4564, 469, 2517, 4567, 2522, 2526, 2527, 480, 483, 2533, 2534, 2535, 4585, 2541, 4589, 2544, 2545, 4594, 4598, 503, 4600, 506, 4602, 2556, 510, 2558, 2559, 515, 4612, 2566, 4617, 522, 2570, 4624, 529, 533, 4629, 2582, 535, 4631, 2586, 540, 4640, 4641, 2596, 4646, 4652, 4655, 565, 566, 2619, 2620, 2621, 2624, 2626, 4674, 579, 2630, 2635, 588, 4684, 589, 2638, 4688, 593, 4691, 4692, 4695, 607, 2655, 4710, 2663, 4712, 4715, 2668, 623, 2672, 625, 2676, 4730, 4731, 4732, 2687, 4735, 4737, 2691, 2695, 2696, 2697, 4745, 4748, 4752, 4755, 2711, 4761, 2715, 669, 2720, 2722, 2723, 2730, 685, 691, 4791, 4797, 702, 704, 2752, 705, 707, 2755, 4803, 2756, 2757, 2760, 4808, 718, 4814, 4815, 2778, 2779, 733, 2781, 4832, 2786, 739, 2787, 4835, 2788, 742, 4844, 2799, 4847, 4849, 757, 2807, 4856, 2815, 4864, 2817, 770, 773, 2826, 784, 788, 4891, 2846, 4898, 4900, 807, 2857, 2858, 811, 2859, 4910, 815, 817, 818, 2867, 2868, 822, 2870, 2881, 834, 2882, 2885, 842, 2891, 844, 847, 851, 2902, 4950, 2903, 4960, 4963, 869, 870, 2924, 4973, 2928, 2929, 887, 4984, 4986, 895, 4991, 2946, 903, 2951, 2952, 906, 2958, 916, 2965, 5018, 2975, 5025, 932, 2982, 5031, 936, 938, 2997, 5046, 2999, 3000, 5048, 3001, 5054, 962, 5060, 965, 975, 3023, 3024, 978, 3027, 981, 3029, 3030, 989, 3038, 993, 1000, 1005, 5101, 1008, 5106, 3059, 3061, 5109, 3063, 5111, 3064, 5114, 5116, 3069, 3073, 5122, 1028, 3078, 1031, 5130, 1036, 5132, 1042, 5140, 3093, 5142, 1047, 5147, 5152, 1061, 1065, 5162, 1068, 3125, 3126, 3127, 1081, 5177, 5180, 1086, 5186, 1095, 5191, 1096, 3144, 5193, 1100, 5196, 5198, 1103, 1104, 5200, 3155, 5203, 3157, 3160, 5208, 1116, 5212, 3165, 5213, 1119, 5217, 1123, 5222, 3178, 5226, 1132, 5229, 5231, 1138, 5235, 1144, 5241, 3194, 5242, 3195, 3196, 3202, 1155, 3211, 3215, 1170, 1172, 3220, 1173, 1174, 3224, 3225, 5277, 5279, 1184, 5283, 5285, 3242, 1197, 5293, 3253, 1209, 1212, 3265, 5316, 1223, 3272, 3276, 3279, 1235, 1237, 1240, 1241, 3291, 3292, 1246, 1254, 3305, 1260, 1265, 3313, 3314, 3319, 3321, 3334, 1289, 3339, 1293, 1300, 1302, 1303, 3354, 1308, 3359, 3360, 1318, 3366, 3370, 1323, 1338, 3387, 3395, 3397, 1352, 3413, 1369, 1371, 3419, 3424, 3427, 3428, 1381, 1394, 1396, 1398, 3448, 3453, 1414, 1418, 1420, 3468, 3469, 1425, 3475, 1437, 1443, 3493, 1455, 1459, 1462, 3516, 3517, 3525, 1478, 1481, 3529, 1482, 1489, 3537, 1492, 3543, 1499, 3548, 1503, 3552, 3566, 3570, 1528, 3576, 1531, 3580, 1534, 3595, 3599, 3607, 3612, 1566, 1569, 3618, 1571, 1573, 3625, 1579, 1582, 1584, 3633, 1587, 1591, 3646, 3648, 3649, 1609, 3664, 1619, 1625, 3673, 1634, 3686, 1649, 3701, 1655, 3707, 1661, 1663, 3713, 3719, 1674, 1678, 3731, 3733, 1686, 3736, 1689, 3738, 3741, 3745, 3746, 3751, 3762, 1716, 1721, 1728, 3783, 1736, 1737, 3792, 3795, 1752, 3800, 3801, 3806, 3807, 1762, 3811, 3812, 1768, 1770, 3820, 1779, 1781, 1782, 1789, 3842, 3849, 3851, 3853, 3855, 3856, 3873, 1835, 3887, 1845, 3893, 1852, 1855, 3903, 1862, 1865, 1867, 1868, 1870, 3918, 1873, 1875, 1876, 1877, 3930, 1883, 3940, 1895, 3946, 1899, 1900, 3948, 1902, 1905, 3956, 1909, 3961, 3963, 1918, 3968, 1922, 3973, 1927, 1929, 1931, 3979, 1932, 3980, 1935, 3985, 1940, 1943, 3991, 3995, 1950, 1951, 1956, 1967, 4016, 1970, 1984, 4032, 1987, 1989, 4038, 1998, 2001, 2014, 4063, 4067, 4072, 2026, 4077, 2035, 2036
声音###2049, 4, 1029, 3333, 2311, 2824, 4105, 3340, 3341, 783, 2575, 273, 3349, 3353, 4377, 4378, 285, 2079, 3359, 36, 805, 3115, 812, 2605, 3374, 1327, 819, 3644, 317, 2622, 1087, 2623, 64, 72, 586, 3146, 1102, 339, 340, 2388, 3670, 855, 344, 2911, 3424, 2401, 2402, 102, 870, 3689, 4713, 107, 1647, 2420, 3449, 1659, 127, 639, 3201, 898, 3203, 3465, 1163, 140, 1678, 3476, 1687, 3480, 2460, 929, 3746, 166, 679, 2472, 3498, 3499, 1965, 2478, 3255, 3513, 5306, 194, 970, 207, 1232, 2512, 723, 215, 3545, 3291, 3547, 4579, 1508, 491, 1259, 242, 251
小时###64, 1665, 2, 2564, 4295, 9, 1481, 3337, 779, 781, 1678, 2830, 3726, 1104, 337, 1298, 339, 2134, 855, 1495, 5271, 1624, 665, 3163, 1438, 1183, 3359, 3746, 35, 164, 616, 233, 3177, 426, 1964, 2668, 1332, 3126, 3510, 3643, 3325, 126, 2622
屏幕###3072, 2, 5122, 2051, 2052, 5, 7, 8, 1032, 10, 5130, 11, 3083, 12, 1036, 3084, 15, 2063, 5136, 1041, 3089, 1042, 5140, 2071, 24, 3096, 26, 27, 2077, 2078, 5152, 5154, 35, 38, 5158, 44, 3118, 48, 5168, 2097, 5169, 1077, 3125, 54, 1078, 4150, 5174, 1084, 1085, 5181, 3134, 5182, 64, 1088, 65, 1090, 2114, 1091, 5188, 1096, 3145, 4172, 3149, 5197, 1102, 3150, 1103, 84, 5206, 1113, 5209, 5211, 94, 4193, 4196, 4198, 1127, 2152, 106, 5226, 110, 5230, 5232, 3185, 5233, 5234, 121, 122, 124, 4220, 5244, 1153, 3201, 4225, 1156, 1157, 5254, 1159, 136, 1160, 137, 3215, 146, 1171, 3219, 5267, 4244, 150, 2198, 3222, 154, 5274, 3229, 1185, 163, 2211, 164, 4260, 1190, 169, 1193, 3242, 5290, 2222, 5294, 176, 1200, 2230, 1209, 3257, 4281, 2237, 5309, 5312, 5313, 202, 4303, 208, 2257, 210, 4310, 1240, 2268, 3294, 225, 3300, 2277, 4325, 1254, 231, 1255, 4327, 232, 1257, 234, 1258, 1259, 241, 2289, 242, 1266, 3316, 3320, 1274, 2298, 253, 3325, 254, 255, 2303, 256, 1284, 3333, 4357, 3335, 2313, 2319, 3345, 276, 280, 1304, 2330, 283, 2333, 2335, 3360, 2337, 2338, 292, 2341, 297, 299, 2348, 302, 1326, 2351, 304, 4401, 1330, 309, 1335, 1337, 3387, 1340, 3388, 2366, 4414, 4415, 2371, 3395, 3396, 328, 1356, 2381, 3407, 1361, 4436, 1366, 2390, 344, 4443, 1375, 1376, 2400, 3424, 4451, 1384, 1385, 2410, 3434, 367, 368, 2418, 3446, 2423, 376, 3451, 3452, 1411, 392, 2444, 4493, 1423, 1424, 4497, 2450, 4500, 1429, 2455, 3480, 1434, 3484, 1437, 1438, 2463, 2468, 1448, 2472, 1450, 1452, 430, 3502, 434, 3508, 3509, 438, 1469, 2494, 4542, 3520, 452, 4548, 4549, 4551, 2504, 1481, 3530, 461, 1486, 3535, 464, 2513, 467, 469, 2519, 472, 1496, 476, 1500, 4573, 478, 2526, 2530, 1508, 2533, 3557, 2534, 4586, 2540, 493, 4589, 498, 4594, 500, 1526, 506, 2555, 3583, 3584, 2563, 3590, 1545, 3593, 4617, 2575, 3600, 529, 3601, 1555, 1558, 3608, 537, 540, 4637, 3618, 1572, 553, 4653, 3631, 2608, 3634, 3638, 1591, 3643, 575, 1601, 2625, 1602, 2626, 1604, 1605, 1609, 1610, 3665, 1626, 2652, 4707, 2663, 1641, 621, 625, 2676, 2677, 3707, 636, 3709, 639, 1665, 642, 4738, 646, 3718, 4744, 3721, 652, 2702, 2703, 656, 1681, 2705, 4755, 1684, 2708, 661, 2711, 2712, 3736, 2713, 4761, 4766, 1697, 3746, 675, 1700, 2724, 4774, 679, 4788, 3766, 1719, 698, 2748, 1736, 714, 2762, 716, 719, 720, 2768, 1746, 3794, 4821, 4822, 729, 2777, 730, 1755, 1756, 3804, 1762, 2788, 741, 2789, 2792, 2793, 1770, 2795, 748, 3822, 1775, 1781, 3829, 3835, 1788, 1789, 2813, 767, 3840, 770, 4868, 2824, 777, 1801, 1802, 2830, 785, 1814, 4886, 4887, 3867, 3870, 4895, 1824, 1825, 805, 3878, 4904, 3881, 3882, 4907, 1836, 2861, 814, 1838, 2862, 2863, 2865, 818, 1843, 1844, 3892, 3894, 3903, 832, 1856, 833, 834, 835, 836, 837, 4933, 839, 3915, 4944, 1873, 3925, 856, 2910, 1888, 4965, 870, 3942, 871, 872, 1896, 2920, 4972, 877, 3949, 1903, 880, 881, 882, 4981, 4982, 1911, 4985, 2940, 4988, 4991, 1921, 2945, 1923, 900, 3983, 5008, 913, 5009, 1939, 1941, 2966, 1943, 2967, 5022, 2976, 2977, 2978, 2979, 1957, 2982, 2985, 1963, 1964, 944, 1971, 4020, 5044, 950, 951, 953, 1979, 5051, 1984, 5060, 4037, 1990, 4038, 967, 1991, 4039, 5063, 968, 972, 3022, 1999, 4051, 4058, 5090, 995, 3045, 1000, 3051, 3052, 4077, 1008, 4080, 5106, 3059, 4083, 1013, 5109, 2038, 4086, 2043, 1020, 2044, 5117, 4095
山寨###5120, 2759, 4679, 2248, 3272, 3529, 330, 2766, 5006, 847, 531, 4819, 20, 3285, 3286, 1303, 2266, 478, 2527, 993, 994, 4130, 5283, 2596, 2214, 4013, 1135, 1199, 1840, 4337, 498, 308, 2036, 3189
小米###0, 2, 4, 5, 2053, 1031, 2055, 8, 2056, 2057, 1034, 1035, 12, 1036, 15, 16, 1041, 18, 21, 1046, 2070, 1047, 1048, 27, 28, 2076, 29, 1053, 32, 34, 2084, 37, 2085, 40, 1064, 42, 2093, 47, 2096, 49, 1073, 1077, 54, 56, 59, 1085, 1087, 64, 67, 2118, 1095, 1096, 1099, 76, 1101, 2126, 2128, 1105, 82, 1107, 84, 1108, 2133, 1110, 1113, 2137, 90, 2138, 91, 2145, 98, 1125, 109, 2158, 2161, 2163, 2165, 118, 120, 1146, 2170, 2171, 125, 2173, 126, 1151, 2175, 129, 1154, 2179, 1157, 134, 2184, 1161, 138, 1162, 140, 1164, 1167, 2191, 146, 1171, 1172, 149, 154, 155, 1180, 2205, 159, 2207, 161, 1185, 2209, 2210, 164, 2214, 167, 169, 2218, 2219, 2220, 1197, 2221, 1199, 1200, 1201, 179, 182, 1207, 1208, 185, 186, 1213, 190, 1214, 2238, 193, 194, 1220, 1221, 198, 1223, 1224, 2248, 1225, 1228, 1229, 1230, 2254, 208, 1232, 2256, 2257, 2258, 212, 1236, 1239, 1240, 1241, 2265, 1243, 2268, 221, 1247, 224, 225, 229, 1253, 230, 231, 1256, 235, 1259, 238, 1265, 243, 248, 2297, 251, 2300, 1277, 254, 2302, 255, 2303, 256, 2304, 268, 269, 2319, 272, 273, 1299, 2323, 1302, 279, 280, 281, 283, 284, 285, 286, 288, 2336, 291, 1315, 2340, 294, 295, 297, 298, 1323, 301, 1325, 2349, 302, 2350, 2351, 304, 2352, 1330, 1331, 2355, 308, 1333, 1334, 311, 2359, 2361, 2364, 317, 318, 2366, 1343, 2367, 322, 1348, 325, 326, 330, 2378, 331, 1355, 1356, 334, 1358, 1361, 338, 339, 340, 342, 1366, 1368, 2392, 1372, 1375, 1376, 1377, 355, 1381, 1382, 359, 361, 362, 1389, 1390, 1393, 2418, 2420, 1397, 2423, 1404, 382, 1406, 383, 385, 1409, 1410, 1411, 1418, 398, 400, 1427, 1429, 1430, 407, 408, 409, 1433, 2458, 412, 414, 415, 419, 421, 2469, 1447, 425, 426, 431, 432, 434, 2482, 1459, 436, 1460, 2485, 438, 439, 2487, 1466, 445, 1470, 2494, 448, 2498, 455, 456, 1481, 459, 460, 2508, 464, 1490, 1491, 1495, 476, 477, 1510, 1511, 488, 489, 493, 495, 496, 497, 2545, 2546, 2547, 1525, 2555, 511, 512, 518, 1545, 524, 1548, 2572, 525, 1549, 526, 1554, 531, 532, 1560, 1561, 539, 1563, 540, 1564, 542, 543, 1569, 546, 1570, 547, 1571, 548, 1573, 1576, 553, 555, 1584, 2608, 2609, 563, 1587, 564, 2613, 569, 1594, 1598, 2625, 578, 581, 2630, 2631, 1608, 587, 1614, 591, 594, 1622, 1623, 1624, 1626, 1627, 604, 2652, 605, 2653, 606, 609, 1633, 610, 614, 1641, 619, 622, 625, 1650, 1651, 2676, 2677, 630, 2681, 1658, 635, 1659, 641, 645, 1676, 2700, 2701, 2702, 2703, 656, 1680, 657, 660, 661, 2712, 665, 1690, 673, 1697, 1699, 2724, 2725, 1703, 1704, 2730, 2733, 1711, 1719, 698, 2749, 2752, 1735, 1736, 2760, 1737, 1739, 2766, 1746, 2770, 723, 1747, 1748, 726, 1753, 731, 2779, 732, 1758, 1762, 1763, 740, 1764, 741, 1765, 1766, 743, 748, 1772, 2796, 749, 750, 751, 753, 2801, 1780, 1781, 2805, 758, 760, 1784, 761, 763, 1789, 769, 770, 771, 1796, 773, 1798, 2823, 777, 2826, 2830, 783, 2831, 784, 785, 786, 787, 790, 1816, 2842, 796, 798, 799, 805, 806, 2855, 1832, 1834, 1836, 814, 1838, 1840, 818, 1842, 820, 1844, 2868, 1851, 828, 1860, 839, 1867, 844, 1869, 1870, 1871, 850, 852, 1877, 1880, 2905, 1882, 2907, 860, 861, 862, 864, 865, 2913, 869, 870, 872, 1898, 1901, 878, 1902, 2926, 1904, 1905, 882, 884, 885, 2933, 1911, 888, 891, 1916, 2940, 2944, 897, 1921, 898, 1924, 2948, 2949, 902, 903, 1927, 1928, 2954, 913, 1937, 1941, 1942, 920, 924, 925, 1949, 927, 929, 1955, 1957, 2981, 936, 1961, 2985, 942, 2990, 943, 1968, 2992, 1969, 1971, 949, 1973, 950, 951, 3000, 953, 1979, 1980, 3006, 959, 1984, 3008, 1986, 966, 1991, 968, 970, 971, 2000, 977, 2002, 2003, 980, 984, 985, 2010, 2011, 2012, 993, 994, 998, 1000, 1007, 1013, 1014, 1015, 2044, 1023
容量###4801, 2115, 2949, 3013, 7, 1927, 3655, 3272, 1290, 5130, 4237, 1486, 2254, 4245, 4696, 285, 2077, 2596, 5220, 2853, 1127, 4968, 1066, 2347, 2603, 4907, 430, 1903, 5232, 755, 947, 2867, 4981, 3576, 377
工艺###2048, 2884, 1798, 4424, 74, 1930, 2122, 1931, 1103, 2128, 3024, 3026, 4946, 724, 980, 2005, 4757, 1814, 1240, 2906, 2205, 4893, 2206, 1571, 5283, 1831, 4583, 1833, 1834, 5290, 2796, 2989, 2991, 1587, 5300, 694, 5302, 695, 3001
总体###4353, 2050, 3586, 2819, 2052, 2821, 520, 3336, 4873, 3852, 4877, 4111, 1041, 4371, 1046, 2326, 4633, 1306, 1563, 1564, 2078, 1055, 1057, 548, 37, 1318, 3879, 1064, 1320, 4394, 3372, 557, 3117, 814, 2350, 5166, 4406, 4920, 4409, 3901, 1854, 1343, 2112, 4160, 3651, 1094, 3910, 5192, 2121, 1098, 1867, 4428, 1101, 1357, 590, 3918, 1105, 2897, 2899, 3670, 4950, 2647, 4183, 1882, 97, 1633, 1890, 3940, 869, 1383, 2922, 4970, 1908, 373, 4216, 1146, 1148, 3197, 894, 4226, 1155, 2181, 3719, 2952, 5003, 3213, 5261, 3471, 912, 3985, 3474, 5011, 5273, 3994, 4508, 671, 4511, 160, 929, 1698, 3746, 4261, 935, 424, 4266, 939, 1707, 688, 178, 1202, 3000, 5304, 953, 4793, 1211, 1723, 3772, 5053, 960, 5312, 3011, 3523, 1989, 4805, 4295, 2505, 1483, 461, 978, 1234, 3286, 471, 3800, 1243, 1755, 733, 2781, 1247, 2272, 4578, 2787, 1508, 1005, 4845, 1774, 4335, 3568, 4848, 1777, 2801, 5108, 2805, 4853, 1270, 505, 2809, 4094
待机###1410, 451, 1475, 3077, 3653, 839, 2440, 2441, 10, 3594, 779, 268, 2444, 2573, 2574, 2066, 5010, 1493, 1431, 3543, 5271, 1625, 2521, 3801, 1565, 4638, 671, 1183, 3552, 3808, 1313, 1061, 2533, 3687, 425, 1321, 234, 1261, 1263, 3569, 3252, 1660, 2045, 510
情况###641, 2114, 5, 453, 3525, 3589, 967, 1160, 1224, 1736, 1418, 716, 4684, 269, 461, 2191, 3026, 3733, 1302, 1624, 3672, 473, 861, 1310, 1438, 2078, 33, 161, 1058, 1314, 3106, 1059, 2596, 615, 169, 1836, 3116, 1711, 3569, 690, 563, 5239, 3579, 1726, 3327
性能###3584, 1025, 2050, 1027, 1539, 9, 10, 3595, 12, 14, 2065, 1042, 4627, 22, 4122, 4636, 2077, 3613, 3616, 1569, 3618, 1571, 4133, 1063, 3634, 3635, 54, 566, 3127, 1089, 2625, 2630, 3143, 3657, 3146, 3147, 3661, 2126, 1103, 4687, 2129, 595, 4691, 2134, 2648, 5209, 2138, 1115, 3678, 4190, 1119, 4705, 1122, 1123, 4198, 4712, 2665, 2154, 1132, 4206, 5232, 4724, 4727, 3194, 4732, 3709, 129, 4737, 642, 2692, 2182, 2694, 4230, 135, 2188, 1678, 1679, 2708, 5271, 3224, 4249, 5274, 5276, 2718, 4766, 2720, 2721, 4773, 1705, 2221, 2222, 178, 2227, 4280, 4281, 4284, 4286, 704, 3776, 705, 1224, 1736, 1741, 1742, 1745, 730, 1754, 3290, 2779, 3291, 4315, 3293, 222, 2783, 3807, 224, 234, 1773, 3311, 1781, 4343, 251, 4859, 2301, 1278, 2302, 4355, 3334, 4880, 3348, 4884, 4886, 4375, 4376, 4888, 4889, 4378, 4379, 4891, 4384, 289, 291, 3878, 3377, 2356, 2868, 2870, 1848, 3384, 4410, 4923, 1852, 2366, 1855, 4420, 4933, 4424, 4939, 1870, 3406, 336, 2897, 1362, 1364, 2900, 853, 3925, 1366, 4950, 3930, 1377, 4961, 1378, 3427, 3428, 1381, 870, 875, 3948, 366, 2415, 4463, 2928, 3952, 1905, 1394, 1396, 3958, 377, 4476, 2942, 3968, 3975, 3977, 3978, 3980, 909, 3470, 4498, 916, 1431, 3479, 1432, 3481, 1443, 3493, 936, 4520, 4524, 941, 942, 4527, 4016, 433, 4533, 5053, 3006, 448, 1984, 2497, 4033, 1986, 2498, 1987, 2499, 452, 965, 1477, 1478, 1481, 1483, 1486, 976, 1489, 5073, 978, 3026, 469, 982, 4061, 4573, 5092, 2533, 2534, 4583, 1519, 2545, 4595, 5111, 1530, 2042, 5114
手感###2817, 2, 3842, 1027, 1028, 6, 3078, 1287, 3849, 10, 268, 1036, 2316, 1041, 19, 3347, 3348, 2582, 25, 2074, 4634, 1563, 540, 541, 797, 2848, 1313, 3105, 3361, 3618, 3876, 4900, 3366, 1063, 4391, 5159, 1065, 1321, 4137, 5162, 1323, 1579, 3886, 560, 1073, 3633, 3634, 1331, 52, 3636, 3125, 54, 4919, 1849, 3643, 2111, 3137, 3394, 2629, 1095, 1351, 1096, 1609, 2635, 4171, 844, 2380, 589, 1102, 2126, 851, 1619, 2134, 89, 2393, 92, 94, 1119, 2143, 2399, 4960, 1378, 357, 1637, 2662, 872, 1896, 2152, 3176, 4970, 2412, 2671, 882, 1907, 1652, 1908, 4980, 1909, 3446, 1655, 1145, 1402, 4991, 3201, 642, 2179, 2691, 388, 903, 1159, 1417, 906, 1674, 2442, 3214, 5263, 403, 659, 1940, 4757, 1686, 664, 1689, 3228, 157, 1437, 5277, 5279, 673, 164, 1956, 5286, 3495, 4519, 2472, 1197, 5293, 430, 431, 1456, 1713, 4273, 1970, 2483, 1716, 4532, 3253, 5302, 1981, 3517, 191, 1471, 3265, 962, 3267, 453, 967, 4551, 2504, 3017, 461, 1743, 3536, 3792, 2257, 3794, 2005, 4565, 2007, 3543, 3292, 733, 4061, 2526, 3294, 1759, 3552, 3557, 3302, 2535, 4583, 3820, 3566, 495, 755, 2035, 3827, 3320, 2556
手机###0, 2050, 4, 2055, 8, 2056, 9, 11, 12, 2062, 4110, 15, 4111, 16, 2064, 17, 4113, 4114, 2068, 2069, 2070, 26, 28, 4124, 29, 32, 33, 4129, 4130, 35, 36, 37, 2085, 38, 4134, 40, 42, 2091, 45, 2093, 46, 2094, 47, 49, 2097, 50, 4147, 52, 4148, 53, 54, 4153, 58, 60, 2108, 62, 64, 2114, 2115, 68, 75, 76, 2126, 81, 82, 2134, 87, 88, 89, 2137, 2138, 91, 4187, 2142, 95, 96, 97, 2145, 2147, 4195, 4196, 102, 2150, 4198, 2153, 107, 4203, 4204, 109, 2161, 114, 2163, 2165, 118, 4214, 120, 2168, 2170, 2171, 4220, 128, 4224, 129, 130, 132, 4232, 137, 4233, 139, 140, 4236, 141, 146, 4246, 151, 4247, 2203, 156, 2205, 158, 2206, 2207, 161, 2209, 4258, 163, 166, 2215, 2217, 2218, 2221, 2222, 175, 178, 4275, 4276, 181, 4279, 4280, 2235, 4287, 194, 2243, 196, 4292, 197, 198, 4295, 4296, 202, 203, 2251, 2252, 206, 207, 208, 2257, 2261, 2262, 218, 2266, 4314, 219, 4316, 2269, 2270, 224, 2272, 226, 4322, 227, 4323, 228, 4324, 229, 231, 2279, 232, 233, 4329, 234, 2282, 235, 4332, 242, 243, 4341, 247, 248, 2296, 250, 251, 256, 2306, 263, 2311, 268, 269, 270, 272, 2320, 2323, 279, 2327, 4375, 2329, 4378, 284, 285, 2333, 4384, 291, 2342, 296, 2349, 4397, 2351, 308, 2358, 2359, 2360, 314, 4411, 2364, 317, 2366, 324, 4420, 2373, 326, 2374, 2375, 2378, 331, 2384, 337, 2385, 4433, 2386, 4434, 339, 2389, 4437, 2390, 343, 4440, 2393, 4450, 355, 2406, 4454, 2407, 360, 2408, 361, 362, 2410, 4459, 2412, 368, 2418, 4468, 4469, 376, 377, 2428, 382, 383, 4480, 385, 388, 395, 398, 2449, 404, 4500, 406, 2455, 4503, 2456, 4504, 409, 2458, 4506, 412, 414, 415, 2465, 419, 2471, 2472, 425, 4523, 2478, 434, 435, 436, 2484, 4532, 2485, 442, 2492, 2494, 4543, 4545, 2498, 451, 4547, 4548, 453, 454, 455, 457, 4553, 460, 2508, 4556, 461, 2511, 2513, 2518, 2519, 472, 473, 2521, 474, 475, 2523, 476, 477, 478, 480, 2529, 482, 2532, 2533, 2534, 488, 489, 4585, 4587, 492, 2543, 4591, 497, 498, 2546, 4594, 2547, 2555, 508, 2557, 4605, 510, 511, 512, 513, 516, 2569, 524, 2572, 526, 527, 2575, 528, 2576, 4626, 531, 4628, 2582, 2585, 2591, 4640, 4641, 555, 4651, 558, 2606, 4658, 563, 4660, 4661, 569, 573, 4670, 576, 578, 2627, 4676, 2630, 587, 2636, 2637, 592, 594, 595, 2644, 2645, 2646, 2654, 4702, 2655, 2656, 609, 2657, 4705, 611, 613, 614, 4710, 615, 616, 4712, 622, 2676, 632, 635, 2683, 637, 641, 2689, 642, 4739, 4741, 2702, 4751, 656, 658, 4754, 660, 2712, 2713, 2716, 671, 679, 681, 685, 690, 4788, 697, 2748, 702, 4798, 4801, 2755, 708, 709, 2757, 710, 711, 2760, 715, 716, 717, 2766, 2773, 726, 4822, 729, 4830, 4831, 740, 4837, 743, 744, 748, 2796, 4844, 751, 2799, 4847, 4848, 753, 2803, 757, 2805, 758, 4856, 763, 4861, 2814, 768, 769, 2817, 771, 773, 775, 2823, 776, 2825, 779, 781, 783, 784, 4880, 785, 786, 790, 4887, 4889, 794, 2842, 4890, 795, 4891, 4893, 798, 806, 4903, 4911, 4912, 817, 818, 819, 820, 4917, 823, 2871, 826, 827, 828, 2876, 4924, 2877, 4925, 4926, 2886, 4937, 844, 4941, 2896, 2897, 854, 4950, 855, 2904, 4952, 857, 2905, 2906, 860, 2908, 862, 2911, 868, 870, 871, 2921, 875, 878, 879, 4975, 882, 883, 4979, 4982, 4983, 888, 2936, 4984, 4989, 2942, 4992, 897, 898, 2947, 2948, 2949, 903, 2954, 907, 5003, 2957, 921, 2970, 925, 926, 928, 2977, 2979, 936, 942, 2990, 943, 2992, 953, 956, 3013, 5062, 968, 3016, 5065, 970, 971, 3021, 5069, 3022, 3024, 977, 980, 985, 3033, 3034, 3043, 1000, 5096, 1001, 5097, 1003, 5099, 3054, 5105, 1013, 1015, 1016, 1020, 1022, 3070, 1023, 3071, 3072, 1026, 1027, 5126, 1034, 1035, 3083, 1037, 3087, 5137, 3091, 3092, 3093, 1046, 1047, 5144, 3098, 5148, 3101, 1054, 1058, 1059, 3107, 1061, 3110, 1063, 5161, 3116, 3118, 1073, 3121, 1077, 3130, 3131, 1085, 3133, 1086, 5182, 1090, 5187, 3140, 1094, 5192, 1098, 3152, 1105, 1107, 1108, 5205, 5206, 3159, 1113, 5211, 3164, 1118, 3166, 3167, 3168, 1125, 3174, 3175, 3176, 3177, 5225, 3178, 5226, 1132, 1134, 5230, 1135, 5232, 5234, 3187, 3190, 5238, 3196, 5245, 1151, 3201, 1154, 3202, 3203, 1156, 1157, 5253, 5254, 3207, 5255, 1160, 5257, 1162, 1163, 1164, 5263, 1168, 3216, 1169, 3217, 5265, 1170, 3219, 1173, 3221, 1174, 3224, 5272, 5273, 5275, 3230, 5278, 1183, 1186, 3236, 5285, 3240, 1195, 3244, 3245, 5294, 1200, 5296, 1201, 3250, 5298, 1204, 3252, 3253, 5302, 5303, 5304, 3257, 5305, 5306, 5307, 5308, 5312, 5313, 5314, 3267, 5315, 5316, 3269, 1228, 1229, 1230, 3283, 3284, 3285, 1243, 3291, 3294, 3302, 3305, 3306, 1259, 1264, 1267, 3317, 3322, 1275, 1276, 1277, 3325, 3326, 3329, 3333, 1289, 3339, 1293, 3341, 3342, 1295, 1296, 1298, 3346, 1299, 3348, 3351, 1307, 1308, 3358, 1311, 3359, 3360, 1313, 3362, 3363, 3367, 1321, 3373, 3374, 1328, 3376, 1329, 3377, 3378, 1333, 3383, 3384, 1337, 3389, 1342, 3391, 1344, 3397, 1353, 1355, 3405, 1358, 3406, 3409, 1368, 3424, 3427, 3428, 1388, 1390, 3438, 3442, 3446, 3447, 1400, 3448, 1404, 1406, 1410, 1418, 1424, 1425, 1427, 1429, 1430, 3480, 1436, 1437, 1439, 3492, 1447, 1448, 3496, 1450, 1455, 1457, 1459, 1460, 3510, 3513, 1466, 1467, 1469, 1471, 1472, 3521, 1479, 1480, 1481, 1487, 3535, 1495, 1496, 3547, 3549, 3550, 3551, 1508, 3564, 1517, 3569, 1523, 1524, 3579, 3580, 3583, 1536, 3584, 1538, 1541, 1545, 3593, 1547, 3598, 3602, 1555, 1557, 1559, 1560, 1564, 1565, 1569, 1570, 3618, 1571, 3620, 3623, 3624, 1578, 1588, 3639, 3642, 3645, 3646, 1609, 1613, 3661, 3662, 1616, 3665, 3666, 1620, 1623, 1624, 1629, 3677, 1630, 3679, 3683, 3685, 1638, 1642, 1644, 1645, 1650, 1651, 1652, 1653, 3701, 1659, 3717, 3719, 1675, 1677, 1678, 1679, 1680, 3735, 1688, 1690, 1695, 3746, 1700, 1702, 3757, 1711, 1712, 3762, 1719, 1720, 1722, 1727, 1730, 1733, 3784, 1739, 1742, 1745, 1746, 3794, 1748, 1752, 1757, 1758, 3808, 1761, 1762, 1763, 1764, 1765, 3821, 3842, 1796, 3850, 3851, 1809, 3858, 3860, 1814, 1816, 3865, 1821, 1824, 1831, 1832, 1833, 1834, 1843, 1848, 1850, 1851, 3905, 3908, 1861, 3909, 3911, 1866, 3916, 3918, 3928, 1884, 1900, 1901, 3951, 1909, 3958, 1911, 1912, 1917, 1920, 1923, 1924, 1927, 3975, 1928, 1930, 1931, 3983, 1936, 3985, 1940, 1941, 1942, 1944, 1947, 1949, 4000, 1954, 1957, 4009, 1964, 1966, 1968, 1969, 4020, 1973, 4021, 1974, 1977, 4025, 1982, 1984, 1985, 1986, 4038, 1993, 2008, 2010, 2011, 4059, 2013, 2018, 2021, 4073, 4076, 2029, 4077, 4085, 4095
整体###3969, 4229, 4616, 3593, 2831, 4367, 1680, 2705, 1042, 1170, 4114, 1045, 2837, 3734, 4886, 1431, 5271, 1560, 2200, 4250, 1308, 4252, 1566, 1184, 2720, 2594, 3746, 2343, 1833, 1834, 3245, 2222, 3762, 5042, 1335, 5050, 5306, 1595, 60, 2108, 3004, 5309, 3006, 1343, 1857, 2753, 4801, 5313, 2373, 1478, 3654, 1609, 2892, 2895, 721, 4052, 3029, 2906, 3034, 3547, 3675, 4829, 96, 4067, 1764, 869, 4199, 3049, 3178, 3946, 1259, 2668, 110, 4591, 2928, 753, 5242, 3195, 892, 5118, 2687
时候###256, 512, 3072, 1027, 4, 2052, 5, 5125, 4870, 3335, 777, 1545, 3593, 1034, 13, 2317, 785, 2067, 2324, 536, 793, 1561, 285, 1053, 3360, 4640, 1313, 1569, 3106, 3362, 35, 38, 3878, 4390, 1324, 1581, 1327, 4658, 1332, 4148, 311, 3895, 5175, 4921, 3131, 1340, 3644, 3133, 3389, 3646, 3391, 4672, 577, 1090, 3650, 5187, 3910, 1610, 76, 1100, 4684, 334, 1105, 5202, 339, 1107, 344, 600, 1624, 2392, 4952, 3929, 860, 1118, 1377, 866, 3684, 104, 109, 2413, 1392, 882, 1397, 3957, 1910, 120, 634, 1659, 4219, 3966, 2178, 388, 1669, 5254, 1927, 5001, 3213, 1679, 1424, 150, 408, 4504, 921, 1435, 2717, 3229, 5277, 3489, 3745, 4772, 165, 5287, 169, 1453, 2227, 2484, 3000, 185, 186, 954, 700, 5308, 445, 1982, 3519, 197, 455, 967, 1736, 1481, 461, 5070, 1489, 4562, 723, 3283, 4820, 985, 4573, 4574, 2271, 4063, 4575, 1760, 2529, 738, 3298, 1764, 4581, 488, 4072, 748, 1516, 238, 3314, 1014, 4854, 247, 248, 3322, 763, 2043, 3835, 2300, 4093, 1534
效果###3329, 3719, 392, 1417, 2057, 3850, 11, 1803, 140, 2444, 398, 1678, 3214, 4369, 3346, 147, 149, 406, 1174, 1303, 1560, 5272, 25, 1052, 2590, 159, 1058, 1570, 5282, 1059, 679, 3242, 2476, 4780, 1327, 3632, 818, 3894, 1209, 314, 1210, 2619, 1596, 61, 317, 702, 5311, 196, 1477, 2629, 3783, 715, 2635, 1358, 1743, 3535, 1489, 3793, 82, 723, 1491, 3285, 3671, 2392, 2906, 94, 2782, 991, 738, 2403, 613, 871, 3434, 3053, 4077, 750, 368, 496, 1264, 2805, 5238, 511, 1919
朋友###2945, 130, 131, 1290, 2058, 1035, 1677, 2702, 2319, 1937, 1426, 659, 1171, 3865, 3486, 799, 1567, 2209, 4897, 290, 291, 293, 294, 1704, 1964, 174, 4655, 1584, 1460, 4020, 3127, 3513, 1979, 3387, 1724, 2621, 1726, 1982, 5314, 451, 3525, 198, 4166, 2375, 1736, 1105, 339, 2134, 2008, 4953, 3291, 482, 1259, 1902, 496, 882, 2423, 1016, 1401, 1019, 1659
机子###385, 3460, 3334, 4358, 4103, 3336, 1034, 2058, 4618, 907, 908, 1164, 1292, 1293, 654, 1039, 1041, 147, 20, 3348, 149, 1047, 3991, 1691, 2589, 287, 4511, 800, 2465, 2210, 1319, 4903, 2728, 682, 1066, 299, 3116, 430, 559, 1584, 1968, 3760, 4018, 4147, 3893, 1463, 2487, 4919, 4921, 2878, 1217, 4040, 1737, 4810, 1995, 3531, 332, 3916, 334, 847, 3920, 1105, 466, 2389, 1239, 1367, 2391, 2648, 860, 862, 1246, 863, 1247, 2527, 3551, 3936, 1636, 2024, 3432, 3816, 1641, 492, 493, 753, 2036, 1525, 1781, 630, 1398, 3191, 5111, 376, 3325
方面###2048, 3842, 2311, 8, 3851, 13, 2065, 1299, 20, 4884, 537, 540, 1564, 3868, 4130, 3878, 4651, 3116, 4652, 1584, 4146, 4147, 52, 54, 3387, 60, 1598, 3390, 2371, 2117, 3909, 1094, 3142, 3910, 3406, 847, 87, 599, 2142, 1375, 3424, 356, 3940, 3942, 2407, 4199, 873, 2153, 1132, 3693, 1392, 3696, 882, 1655, 2167, 3448, 2688, 4480, 139, 140, 2701, 1431, 2455, 2711, 3991, 3224, 1949, 4000, 4256, 2215, 685, 5301, 3257, 4282, 453, 3525, 1993, 2257, 2769, 3794, 724, 474, 1754, 3034, 3802, 3035, 2527, 3297, 1762, 2787, 3043, 1765, 1510, 3305, 1514, 749, 4589, 495, 755, 2036, 4861, 2302, 3583
智能###1409, 2689, 1986, 2114, 324, 3333, 3910, 1927, 1161, 3593, 2063, 784, 3667, 4691, 2069, 5270, 279, 2135, 3799, 472, 1690, 475, 3359, 480, 2593, 482, 1890, 4450, 3363, 425, 4587, 1901, 48, 1330, 3384, 698, 2942, 3519
时间###3846, 1031, 779, 524, 269, 2573, 2574, 15, 527, 272, 273, 785, 2066, 3348, 21, 1047, 3352, 2329, 1565, 2333, 3363, 2596, 1321, 2601, 1835, 2605, 3634, 566, 4153, 3131, 64, 326, 1096, 1610, 1107, 2389, 2137, 2906, 3677, 1375, 3679, 3687, 1641, 1902, 3694, 2415, 5233, 882, 1909, 4214, 120, 1403, 1659, 3963, 1916, 1926, 1927, 1930, 1931, 908, 5260, 5264, 3217, 5010, 3219, 1940, 150, 1687, 1693, 2207, 425, 3500, 176, 4017, 3252, 5310, 1472, 193, 1986, 5314, 4548, 197, 2245, 454, 456, 1736, 3543, 4056, 3801, 475, 3804, 5085, 1246, 2272, 233, 1259, 238, 496, 1009, 5105, 1010, 1267, 245, 2045
样子###3008, 770, 2820, 2630, 4358, 4872, 4428, 653, 1998, 4494, 3727, 3794, 723, 4627, 406, 4375, 5149, 4702, 927, 4640, 4898, 1957, 5093, 1447, 1895, 2216, 425, 1066, 238, 686, 2097, 562, 3891, 3892, 5239, 4922, 1659, 1471
机身###5250, 259, 2179, 773, 390, 1798, 4742, 1159, 1160, 905, 394, 1546, 1802, 1804, 2830, 4883, 3348, 3732, 1814, 1431, 1815, 2711, 2456, 2458, 5277, 3871, 1569, 3361, 163, 1571, 2212, 1959, 5287, 5288, 682, 4650, 5290, 4651, 2222, 687, 561, 2611, 4276, 1335, 4792, 1466, 1340, 2111, 5060, 5188, 1224, 2504, 2889, 4171, 4685, 335, 2897, 5080, 3166, 863, 3424, 737, 2273, 2914, 4835, 4837, 2665, 1130, 4589, 750, 1774, 3054, 2418, 3059, 1525, 3318, 4600, 1914, 3325
模式###1089, 3009, 1027, 2499, 452, 3143, 8, 2760, 9, 10, 1290, 11, 14, 1679, 4495, 208, 82, 595, 981, 3290, 3291, 3293, 734, 4638, 4894, 1376, 1762, 2085, 362, 2349, 433, 2545, 3634, 248, 3388, 3646, 5311
游戏###3077, 5126, 8, 9, 2057, 10, 13, 1553, 2069, 24, 27, 4635, 28, 3100, 2591, 35, 1573, 2085, 38, 2600, 3624, 41, 2601, 2602, 2091, 4655, 2610, 4146, 54, 3126, 3127, 3128, 3130, 60, 2621, 1089, 2114, 68, 74, 1100, 2636, 2125, 1104, 2645, 3671, 5211, 1116, 1122, 4708, 615, 5224, 1641, 3177, 3178, 2668, 1645, 112, 630, 3190, 3194, 3200, 5253, 646, 4230, 3719, 3211, 1680, 1682, 2707, 4244, 150, 1687, 5273, 1179, 3231, 161, 3746, 5290, 3245, 4273, 178, 3250, 3762, 3252, 5300, 2741, 2742, 3254, 1719, 1723, 700, 2238, 3264, 197, 709, 4295, 1224, 1736, 3273, 716, 2257, 1748, 725, 3291, 4320, 225, 233, 1259, 242, 755, 4340, 4852, 251, 3327, 1286, 3846, 2311, 3335, 268, 269, 781, 271, 274, 277, 4886, 1309, 287, 3360, 3366, 3878, 295, 296, 1323, 2348, 302, 1328, 1331, 1332, 2356, 1334, 2360, 314, 2364, 3388, 3389, 318, 3902, 323, 2373, 841, 3404, 2383, 4433, 342, 854, 343, 855, 4952, 2393, 359, 872, 1901, 4991, 3968, 2435, 2439, 2444, 398, 4498, 1940, 2454, 921, 2459, 1437, 1438, 5028, 1957, 4006, 2472, 1454, 1455, 1971, 1973, 4533, 951, 2495, 3519, 2497, 4545, 2498, 3523, 452, 3525, 456, 968, 1481, 5066, 2508, 1485, 2509, 2510, 4051, 4563, 2008, 2521, 2010, 2011, 3551, 2533, 3050, 1003, 496, 2545, 1012, 510, 1534
电信###1538, 260, 262, 267, 3344, 3601, 20, 4628, 3864, 1817, 3867, 2332, 1309, 4640, 290, 1058, 291, 1827, 4905, 3882, 1581, 1583, 1329, 1332, 3636, 53, 2107, 3900, 4417, 2116, 3399, 3656, 3146, 3658, 1355, 76, 847, 3920, 3669, 2652, 96, 2657, 611, 4708, 2671, 2418, 4214, 120, 1151, 2177, 2178, 3460, 389, 141, 909, 4494, 3984, 3985, 1683, 3995, 4510, 3487, 928, 3488, 2465, 3489, 2982, 682, 683, 4523, 5296, 2995, 5301, 1207, 2744, 448, 1992, 1481, 459, 3275, 1231, 727, 728, 1242, 1243, 221, 2271, 4063, 2528, 481, 3811, 4069, 998, 1511, 4073, 235, 496, 3058, 2036, 1783, 1784, 3579, 766, 3583
现象###256, 4548, 2055, 8, 1608, 2056, 74, 715, 716, 1100, 2636, 4365, 272, 1744, 338, 3283, 406, 3545, 283, 1184, 162, 35, 2596, 4900, 359, 496, 626, 882, 3762, 1331, 181, 3125, 4533, 4982, 251, 443, 1275, 1342
用户###640, 2304, 3136, 3460, 3013, 1480, 3404, 3342, 784, 785, 594, 3794, 1240, 473, 1241, 5209, 1243, 1822, 415, 1375, 544, 1570, 1381, 1574, 2982, 5291, 1132, 4652, 4973, 4593, 4978, 2227, 1781, 5304, 3449, 314, 2235, 4220, 639
电池###2, 5124, 5127, 5128, 5130, 3083, 5138, 1045, 3098, 27, 3100, 2077, 35, 1061, 3109, 38, 2088, 1066, 2090, 5163, 4141, 1070, 2094, 3120, 4146, 51, 3123, 4147, 1077, 54, 3126, 3129, 4153, 58, 5178, 5179, 1084, 3133, 5181, 5182, 1090, 2114, 2115, 5187, 1096, 74, 1100, 2124, 1105, 5201, 90, 5210, 5211, 5212, 3166, 3167, 4191, 100, 5220, 4198, 1127, 3177, 5228, 5232, 116, 3191, 2168, 126, 4238, 3215, 5265, 5266, 3226, 5277, 1183, 161, 4257, 164, 2212, 4260, 5291, 1196, 2225, 178, 179, 181, 5301, 3255, 2232, 2233, 3258, 3260, 5311, 2240, 2241, 1219, 1220, 2245, 1224, 4297, 2254, 2256, 211, 1239, 4321, 4322, 234, 1259, 4331, 238, 4336, 242, 2291, 3318, 250, 251, 3325, 4358, 3337, 1290, 268, 1295, 4371, 3348, 1301, 1302, 3355, 285, 3360, 1313, 2340, 3364, 2342, 295, 1321, 2354, 2355, 2362, 1339, 1340, 1342, 2375, 4428, 3425, 2403, 3447, 4478, 387, 1411, 2440, 1417, 394, 1418, 398, 399, 403, 2455, 2458, 3482, 3483, 1437, 425, 426, 428, 430, 2478, 3510, 1466, 1467, 3517, 4550, 4551, 1481, 1486, 464, 1496, 2521, 4569, 1502, 4575, 1504, 1505, 4577, 1507, 2531, 1508, 2533, 487, 3561, 3569, 4594, 504, 3576, 2564, 519, 3591, 3593, 1548, 527, 2575, 1559, 4635, 3612, 1565, 4638, 2593, 2596, 552, 2603, 557, 3630, 3631, 2614, 3641, 2619, 2622, 1602, 580, 3653, 1606, 3655, 2633, 2646, 3670, 1623, 1624, 4696, 4701, 1635, 2664, 4712, 1641, 2665, 1646, 4719, 1660, 637, 4733, 1665, 4737, 3714, 3715, 2693, 3717, 3721, 650, 652, 4749, 4752, 3737, 1691, 3746, 2725, 1714, 2741, 4789, 699, 3772, 4801, 1732, 2757, 710, 3782, 2773, 727, 3800, 3804, 4829, 4836, 2796, 2801, 4850, 3828, 2814, 3846, 779, 4880, 789, 4885, 3862, 4886, 4888, 798, 4894, 802, 2853, 3878, 4903, 4907, 812, 3884, 2861, 2867, 4925, 830, 1861, 839, 3914, 1868, 3926, 2911, 864, 3942, 4968, 873, 874, 877, 1903, 1904, 1905, 1908, 1909, 4981, 890, 1917, 2946, 2949, 1927, 2956, 910, 1936, 2964, 3992, 5016, 1951, 5024, 929, 2979, 2981, 5032, 944, 1968, 947, 1973, 950, 1981, 3013, 4037, 4038, 967, 984, 2008, 2009, 3035, 2031, 1013, 3064, 4095
电话###3328, 641, 2049, 2, 388, 5, 773, 3077, 3333, 3589, 2055, 2056, 1162, 3594, 1675, 140, 141, 269, 3213, 3341, 398, 2575, 2832, 1426, 2323, 406, 534, 665, 668, 926, 415, 3360, 3362, 164, 1956, 3878, 3623, 169, 1453, 48, 49, 2097, 3505, 690, 563, 1459, 54, 3255, 2488, 3514, 3770, 699, 700, 3644, 3521, 1090, 327, 3399, 77, 208, 977, 82, 1624, 2392, 729, 1626, 219, 3549, 2668, 1135, 1647, 2415, 242, 755, 1652, 2677, 2039, 2423, 1659, 3579, 1916, 3325, 3198, 4095
相机###770, 772, 3460, 773, 2567, 4488, 268, 2063, 2575, 784, 1936, 661, 2965, 150, 1174, 23, 1178, 2202, 924, 3484, 159, 2847, 544, 1058, 35, 1059, 3491, 1957, 1574, 1958, 39, 295, 679, 2215, 1448, 2476, 1709, 2094, 3120, 3632, 561, 819, 308, 54, 4282, 317, 3263, 3521, 4929, 967, 3655, 200, 1481, 1993, 1482, 78, 1103, 80, 81, 339, 1235, 90, 3802, 5211, 3423, 480, 1633, 1762, 4450, 1763, 4198, 4710, 5222, 2920, 498, 3190, 3192, 511, 1919
白色###3842, 388, 2057, 10, 1035, 2443, 4365, 5265, 2068, 3989, 922, 2461, 3359, 1314, 4773, 1321, 45, 3886, 3120, 1330, 1594, 188, 3646, 968, 1864, 1993, 2126, 79, 82, 3283, 982, 2134, 1495, 91, 4315, 2270, 357, 4199, 1129, 748, 4333, 2030, 882, 3699, 3700, 1909, 3701, 1014, 5238, 3447, 122, 4731
硬件###5250, 259, 5251, 1156, 2825, 4108, 3086, 2703, 4240, 2705, 1171, 1172, 4628, 280, 2840, 2842, 3484, 2205, 2206, 5280, 3361, 1570, 4130, 3363, 4644, 4646, 1192, 2216, 1323, 5296, 434, 1459, 4147, 4148, 5301, 54, 3254, 4536, 829, 1343, 4032, 3907, 3525, 3912, 970, 3018, 4427, 589, 590, 208, 2257, 4818, 4946, 4819, 724, 4308, 1368, 857, 1629, 2909, 1630, 480, 1376, 865, 2531, 231, 1514, 2539, 497, 753, 882, 2292, 4469, 2550, 247, 4857, 2555, 2942, 3583
米粉###3968, 1217, 1986, 1736, 1737, 331, 1483, 76, 204, 15, 785, 4049, 1171, 4499, 5270, 727, 344, 2267, 2204, 862, 2336, 226, 3043, 1766, 295, 488, 489, 4203, 685, 496, 1200, 1201, 4593, 563, 3511, 3384, 4857, 4219, 3325, 1983
系统###2, 4, 3076, 5, 4105, 1036, 17, 3091, 4628, 533, 1046, 3608, 2075, 29, 542, 543, 33, 3619, 36, 2596, 2597, 3109, 552, 3627, 4651, 2606, 48, 3120, 3632, 3633, 52, 54, 4154, 2621, 3646, 1089, 3137, 2626, 3139, 582, 2118, 2630, 586, 2635, 1100, 3151, 4687, 2643, 3670, 600, 89, 90, 4699, 608, 1635, 1636, 4198, 615, 5227, 4716, 5231, 625, 4209, 3705, 5243, 3711, 1667, 132, 3204, 1159, 138, 3722, 651, 4749, 5261, 4751, 2705, 3731, 5267, 660, 1684, 5268, 5269, 150, 4246, 663, 1175, 2715, 2716, 158, 3230, 159, 161, 164, 167, 169, 2218, 2734, 5296, 698, 699, 2235, 3772, 4797, 190, 193, 5315, 2247, 1736, 2760, 3273, 715, 206, 1230, 4305, 4306, 4818, 724, 213, 726, 4310, 215, 1241, 2778, 731, 1243, 3291, 220, 733, 1246, 738, 4323, 4835, 4325, 3303, 236, 2796, 1261, 2798, 1264, 1781, 256, 3842, 3846, 4358, 4359, 4362, 1291, 1803, 3345, 3347, 278, 1302, 1814, 1303, 283, 3868, 4896, 3361, 3362, 4898, 3365, 1321, 1323, 1325, 4916, 1847, 824, 1337, 1343, 2879, 2881, 4423, 3404, 4432, 337, 342, 1366, 2390, 4952, 857, 2393, 1376, 1377, 355, 360, 361, 3434, 882, 1397, 3958, 887, 1403, 3963, 1916, 1407, 896, 391, 903, 1927, 1930, 1931, 913, 2453, 2455, 2458, 2971, 1437, 414, 930, 3494, 424, 430, 2478, 5040, 5043, 1977, 4025, 3516, 959, 3519, 4032, 1985, 5060, 965, 3526, 967, 4551, 968, 1481, 1993, 4041, 970, 1482, 460, 4557, 4048, 468, 980, 1492, 2005, 472, 473, 474, 3546, 4571, 3548, 5090, 1508, 2533, 486, 2539, 492, 1005, 4589, 3054, 2545, 4600, 4093, 1022, 511
结果###641, 898, 324, 968, 1803, 4363, 1229, 1358, 1614, 1871, 466, 3735, 798, 741, 2277, 1447, 2216, 2280, 425, 4906, 685, 302, 497, 371, 563, 1459, 53, 438, 2230, 2806, 3639, 2617, 122, 698, 3514, 3515, 959
缺点###3, 7, 1031, 2824, 1289, 10, 778, 1290, 3083, 2828, 269, 781, 527, 787, 2069, 3605, 1302, 2329, 4122, 1313, 4641, 1570, 3878, 2347, 1324, 1071, 567, 1337, 1082, 3642, 60, 1340, 2364, 2628, 3396, 5188, 3909, 583, 841, 3913, 2378, 75, 3148, 846, 1870, 2894, 1104, 3920, 4951, 5207, 4185, 90, 2142, 863, 98, 2146, 5221, 4199, 872, 1896, 873, 1641, 5226, 4460, 5232, 2417, 3958, 1657, 2681, 1919, 1160, 1418, 2186, 2445, 3469, 656, 3728, 3218, 3986, 148, 406, 3734, 1687, 2456, 665, 3737, 668, 163, 1960, 1198, 2990, 178, 180, 2742, 2488, 3769, 5055, 194, 197, 3529, 1739, 1485, 3028, 3285, 2518, 2009, 5088, 3553, 487, 488, 2796, 4589, 238, 496, 2801, 754, 5106, 2036, 3576, 2555, 5115, 2814, 2047, 2303, 3327
续航###515, 3205, 1926, 1927, 4369, 1174, 3734, 2716, 1437, 3231, 3363, 2596, 3878, 430, 3246, 177, 561, 818, 3127, 195, 1477, 587, 1102, 1998, 2383, 3282, 1493, 87, 2135, 4063, 864, 867, 4586, 5232, 126
网络###3074, 517, 3333, 262, 263, 777, 781, 14, 526, 279, 3353, 28, 285, 3871, 1314, 3106, 4900, 293, 2087, 2855, 3626, 4650, 2605, 1583, 1584, 1332, 4919, 5175, 4410, 3900, 1342, 3134, 3902, 576, 3392, 3905, 3907, 3656, 2639, 4946, 1107, 1108, 3156, 4181, 4695, 3422, 3170, 1385, 364, 5232, 120, 2177, 2945, 1154, 3714, 4484, 4495, 3473, 1940, 5016, 921, 2211, 1445, 1704, 1450, 683, 684, 1454, 1714, 3513, 186, 699, 1213, 1982, 1983, 1984, 5060, 4807, 1481, 716, 3022, 207, 1231, 2002, 4566, 5078, 1239, 2775, 218, 2523, 4827, 990, 4575, 992, 4834, 2279, 2283, 496, 2288, 4593, 3571, 1014, 2807, 248
苹果###2048, 4103, 2057, 2569, 12, 524, 16, 1554, 3607, 1561, 4635, 29, 3101, 1057, 1058, 3106, 1059, 4131, 4134, 553, 2602, 555, 1584, 2613, 1598, 5187, 70, 5190, 4679, 2129, 3670, 2137, 90, 2138, 4698, 3677, 610, 1127, 5226, 2672, 2676, 631, 1144, 2168, 3707, 4219, 2687, 1667, 1159, 1160, 1161, 4236, 141, 653, 5262, 4751, 4240, 1170, 3219, 2198, 5273, 2714, 4256, 673, 1185, 4769, 4770, 1700, 4773, 678, 2214, 5286, 2219, 685, 4269, 686, 1200, 1201, 1719, 3255, 2236, 2752, 5312, 3782, 204, 2253, 4301, 2766, 3792, 4816, 4305, 3794, 4819, 1236, 1239, 3799, 1753, 2265, 2266, 1762, 1769, 2796, 246, 3830, 4342, 247, 3831, 4855, 4346, 763, 4349, 766, 4866, 3843, 3844, 3846, 2313, 778, 269, 2829, 3345, 786, 3348, 2840, 4889, 4890, 1821, 3869, 1313, 4388, 4900, 2854, 807, 4903, 1833, 1323, 1325, 1840, 4400, 1333, 2872, 2361, 3389, 4413, 1866, 1869, 336, 4945, 4951, 2395, 863, 1377, 354, 866, 356, 4965, 871, 362, 2923, 3949, 879, 882, 3954, 3963, 2942, 2943, 384, 2948, 1927, 3980, 398, 1941, 406, 3991, 4506, 3995, 1437, 3486, 2465, 3492, 1453, 4013, 942, 2990, 4532, 4533, 4534, 3000, 3523, 3524, 4548, 3013, 5062, 1480, 459, 1998, 4564, 4053, 1495, 476, 989, 990, 2528, 2530, 4066, 3043, 4585, 4074, 496, 497, 3576, 1019, 3579, 3583
营销###256, 4610, 2307, 1796, 1798, 2760, 4426, 5066, 459, 1803, 1870, 2063, 981, 2389, 663, 281, 793, 1113, 1561, 5273, 2203, 1244, 734, 2142, 546, 1826, 547, 685, 431, 1007, 432, 1585, 2098, 2802, 1331, 436, 4148, 4468, 2681, 5179, 1343
视频###773, 3077, 1927, 2055, 2056, 1034, 4106, 139, 140, 268, 398, 783, 404, 1940, 150, 279, 665, 3867, 1437, 798, 2079, 2592, 3361, 35, 292, 1957, 2472, 3624, 1195, 2478, 1327, 1584, 819, 314, 60, 2497, 3650, 2373, 967, 586, 715, 1100, 339, 1491, 215, 3290, 3291, 1122, 233, 1641, 251, 126, 3327, 4095
质量###2817, 3076, 2311, 1544, 3081, 1035, 2059, 273, 1041, 4881, 19, 2323, 4627, 283, 3868, 2589, 800, 801, 3874, 4898, 4135, 3624, 810, 1322, 558, 2353, 1587, 1850, 3388, 317, 2624, 3395, 3908, 326, 1094, 328, 584, 73, 1097, 3914, 844, 1868, 589, 2381, 4174, 339, 1107, 1108, 2388, 1877, 4440, 3161, 90, 2659, 612, 868, 869, 4198, 1639, 1641, 618, 4204, 3693, 367, 368, 1652, 1909, 631, 1400, 1912, 1917, 126, 4992, 3458, 899, 1156, 3973, 1930, 5002, 1931, 908, 2191, 3471, 658, 5267, 1172, 1429, 5269, 1430, 1431, 1433, 1434, 1441, 1443, 1700, 935, 936, 1961, 1453, 431, 1711, 432, 434, 2482, 1459, 693, 439, 3255, 5306, 3004, 3516, 5312, 1733, 3270, 1736, 2761, 971, 460, 4815, 464, 1747, 4308, 3797, 214, 5079, 5081, 2779, 3291, 2526, 2022, 1256, 1001, 1770, 493, 3053, 2545, 1267, 2035, 2547, 247, 4856, 4857, 251, 1019, 1277, 4863
软件###3077, 7, 8, 2826, 2571, 3851, 2063, 785, 2579, 3348, 279, 4375, 2586, 2587, 3868, 1309, 35, 3623, 2347, 4914, 54, 3639, 829, 2366, 1343, 1089, 1609, 3404, 589, 336, 592, 4946, 1620, 854, 4952, 1376, 1636, 870, 615, 1909, 3449, 2942, 4224, 2437, 1926, 1927, 5255, 2952, 5257, 907, 5261, 5262, 399, 5263, 1171, 660, 2459, 1437, 414, 417, 163, 1192, 1195, 1971, 5301, 699, 700, 1982, 1472, 1984, 1729, 1730, 3522, 3523, 3525, 970, 2508, 461, 1485, 974, 464, 465, 723, 1493, 1750, 3544, 473, 985, 3546, 476, 3293, 5090, 739, 488, 2539, 238, 239, 1264, 1275
边框###4865, 4868, 2311, 3082, 527, 1042, 1814, 24, 1560, 2841, 1054, 3361, 806, 552, 1833, 1322, 4651, 560, 4401, 1842, 819, 1587, 3386, 2108, 2620, 4419, 1348, 3396, 2119, 1868, 3151, 1876, 4951, 856, 863, 2144, 865, 1893, 3943, 2920, 1386, 110, 1905, 882, 4979, 3446, 3707, 5244, 4991, 393, 3977, 5005, 913, 661, 920, 921, 2718, 4770, 1187, 2979, 2471, 5287, 5291, 685, 430, 687, 176, 3763, 694, 1209, 3257, 4281, 1471, 4543, 2498, 452, 2244, 3013, 2252, 3276, 1741, 2253, 4557, 1486, 2768, 982, 4825, 989, 4576, 5090, 1252, 233, 4586, 1259, 492, 748, 3052, 4077, 495, 4342, 4090, 253, 4605, 766
速度###1792, 2304, 3333, 10, 1036, 2318, 3598, 784, 274, 3602, 1560, 3865, 2341, 4901, 808, 3633, 2610, 52, 2356, 309, 314, 2362, 61, 1600, 3137, 578, 1602, 5186, 3651, 4419, 2629, 3655, 77, 3667, 4437, 3670, 3926, 87, 599, 2393, 3165, 1888, 3681, 3170, 2404, 359, 872, 4712, 2155, 2412, 110, 3695, 3446, 2423, 4218, 5243, 1661, 2174, 2942, 1663, 1919, 3712, 3203, 5253, 1414, 5258, 3467, 909, 1677, 147, 2707, 404, 149, 406, 1174, 1431, 667, 2460, 669, 1437, 5277, 1182, 2207, 1696, 4264, 1193, 4523, 4016, 434, 3762, 3252, 3253, 2489, 1984, 1477, 2757, 3525, 3782, 1737, 3529, 1482, 1229, 1745, 3283, 4820, 4056, 3545, 218, 5082, 3035, 3804, 990, 1508, 3560, 745, 1769, 4073, 5098, 3564, 1773, 3313, 4856, 1789
金属###4096, 2, 6, 1798, 1801, 1805, 15, 527, 19, 4629, 3607, 1307, 3361, 1573, 806, 4651, 1332, 4916, 4919, 2111, 1093, 3915, 844, 2125, 2126, 335, 83, 3927, 4187, 1118, 4959, 1376, 867, 871, 2665, 2164, 3453, 384, 2179, 903, 3463, 1160, 3217, 661, 1941, 3991, 664, 2458, 5274, 5279, 5283, 164, 5286, 1959, 2471, 5287, 2216, 2986, 685, 4013, 2993, 3253, 4278, 1209, 1977, 3006, 1471, 4801, 1218, 3523, 2244, 4042, 459, 3020, 211, 4828, 1502, 2526, 1763, 4835, 4837, 233, 4587, 748, 1774, 2801, 2035, 3059
音乐###2048, 3456, 1730, 967, 1097, 1034, 3146, 139, 140, 269, 1997, 1678, 3214, 207, 465, 2067, 2388, 3349, 3480, 4697, 90, 285, 3359, 3424, 225, 929, 2593, 2594, 36, 37, 4713, 1259, 748, 1136, 1204, 54, 3126, 3255, 3513, 251, 1597, 126
问题###512, 1027, 4, 516, 3076, 5, 3077, 2057, 3594, 2059, 5131, 1037, 526, 527, 2063, 2576, 1041, 1042, 1555, 3092, 1047, 2585, 3100, 2589, 2591, 33, 2593, 36, 3110, 3624, 4652, 45, 1581, 3117, 49, 4146, 3635, 53, 54, 569, 1085, 3133, 1086, 3646, 576, 3136, 577, 578, 1090, 1091, 5187, 1094, 587, 76, 1100, 2636, 1107, 1108, 2134, 2135, 3671, 1625, 1629, 1630, 2657, 98, 2658, 611, 1635, 5220, 614, 1638, 3174, 1641, 4203, 4204, 109, 4206, 625, 3185, 3697, 2677, 3190, 5239, 3192, 4218, 1147, 1659, 4220, 639, 640, 641, 642, 3714, 5254, 3719, 1161, 5258, 1163, 5259, 143, 658, 3730, 5266, 1171, 1172, 1175, 5271, 5273, 5275, 1183, 2209, 3233, 2210, 5287, 169, 3755, 1710, 175, 3255, 699, 5312, 1729, 1730, 5314, 195, 1221, 3269, 1736, 205, 2253, 3283, 2263, 1754, 219, 731, 1243, 3291, 1757, 4829, 1246, 1758, 3294, 1762, 1763, 3304, 1771, 749, 1774, 1264, 753, 242, 755, 1781, 760, 4857, 1274, 251, 763, 3325, 2814, 255, 2815, 4863, 3328, 3333, 3336, 267, 779, 268, 269, 3341, 1298, 4886, 279, 3353, 794, 795, 3867, 3868, 3869, 1822, 287, 799, 3359, 3362, 293, 2342, 297, 1321, 3374, 817, 2353, 4913, 1332, 1847, 2359, 3383, 3384, 3388, 1342, 2366, 3391, 1344, 3905, 4419, 327, 2377, 4937, 3407, 4943, 4944, 2388, 342, 1366, 855, 1368, 2392, 4952, 3422, 1376, 1377, 2913, 3942, 364, 1392, 882, 2418, 2423, 4983, 1912, 1916, 2940, 3456, 385, 1410, 3970, 388, 3973, 1927, 1418, 1930, 1931, 2444, 399, 1424, 1936, 5010, 916, 917, 1431, 1433, 1946, 1947, 5019, 925, 926, 927, 4513, 1954, 3490, 4515, 434, 1459, 1971, 2487, 3000, 1469, 3006, 3519, 3521, 2498, 1988, 453, 968, 1480, 1481, 1993, 5066, 1995, 461, 462, 2512, 4048, 472, 984, 473, 4059, 477, 2018, 4066, 2021, 2533, 2539, 3052, 4589, 1007, 3057, 2034, 4594, 1012, 2549, 2043, 1533, 4093, 1022, 1534, 3070, 1023
音质###2048, 7, 8, 3464, 3593, 11, 140, 2318, 3599, 1299, 2067, 1431, 2455, 3607, 2458, 283, 923, 1437, 2590, 2593, 4769, 2594, 675, 36, 676, 3366, 679, 1963, 1454, 181, 698, 2106, 1729, 194, 1730, 1477, 1993, 4809, 1103, 1488, 729, 97, 225, 359, 1639, 360, 107, 748, 3564, 367, 1903, 368, 4849, 242, 4857, 1278
颜色###577, 4801, 3970, 2180, 4548, 5060, 1863, 140, 4492, 4429, 3345, 5074, 339, 1171, 4883, 3989, 1047, 1304, 5209, 4186, 3867, 1379, 2089, 430, 2222, 4590, 1139, 4660, 2997, 5238, 3447, 1786, 2555, 3771, 5052, 2750, 4158, 639
饥饿###256, 4610, 2307, 1796, 1798, 3975, 4489, 4426, 5066, 1803, 1870, 400, 340, 981, 598, 663, 281, 1113, 2203, 1244, 546, 1134, 1007, 432, 1585, 4593, 2098, 2802, 371, 819, 436, 4148, 4468, 5179, 1406, 2238, 1343
3g运行###1472, 4, 4614, 3654, 168, 1034, 970, 1482, 2347, 2349, 750, 209, 2707, 726, 1014, 952, 4827, 1372, 3293, 1119, 3359
miui###521, 10, 1556, 1302, 4886, 283, 1563, 2075, 543, 1312, 3361, 1576, 3114, 3886, 561, 818, 820, 2868, 1333, 3125, 311, 3388, 3389, 1343, 2111, 3647, 2120, 1870, 346, 860, 2153, 3689, 362, 4973, 882, 4467, 638, 2430, 2942, 640, 387, 391, 1159, 4751, 2455, 3230, 4766, 2979, 5290, 5293, 5038, 5300, 3254, 696, 697, 4025, 698, 3265, 968, 1482, 206, 3792, 738, 1762, 2533, 492, 748, 2544, 1013
wifi###1984, 3392, 4, 5, 773, 3333, 1094, 1159, 778, 76, 268, 207, 208, 531, 279, 472, 3609, 3867, 3166, 160, 1314, 1636, 165, 3110, 3174, 3111, 104, 169, 42, 810, 4650, 2476, 109, 1457, 690, 3187, 3317, 1272, 761, 826, 443, 3132
分辨率###1411, 4867, 261, 652, 2830, 274, 2708, 2965, 406, 5270, 2711, 3991, 280, 26, 5274, 1825, 1957, 4517, 4520, 1331, 2100, 1077, 2486, 3766, 5302, 1209, 2489, 3513, 3262, 1471, 5312, 1095, 969, 4554, 4556, 1741, 2126, 3151, 2513, 476, 3804, 1118, 4198, 360, 234, 1002, 3310, 4206, 764
处理器###1408, 2567, 4104, 9, 3081, 4618, 524, 652, 2958, 784, 4245, 4886, 4888, 282, 5274, 4635, 3484, 285, 2077, 161, 163, 1188, 806, 2471, 179, 3764, 1077, 1079, 1592, 3771, 2494, 4675, 1990, 1486, 3022, 4432, 2257, 1874, 4818, 1750, 4566, 1241, 3804, 4573, 2271, 609, 4961, 2920, 2665, 4077, 4722, 1908, 1013, 1784, 4606, 4991
摄像头###4096, 1537, 3585, 4097, 2, 1542, 11, 1036, 4110, 4120, 25, 1052, 4638, 1567, 1056, 4128, 1057, 3106, 4131, 4134, 4135, 1578, 4650, 1068, 2092, 3633, 5175, 2619, 4155, 60, 2109, 2110, 1088, 2625, 4162, 584, 586, 587, 1099, 4171, 2636, 4172, 2126, 4176, 4179, 2132, 4185, 90, 3674, 603, 1118, 1119, 1631, 1632, 1633, 4195, 2148, 4199, 1128, 4201, 1131, 4206, 626, 2168, 2687, 644, 1668, 2180, 3717, 140, 4236, 1677, 2704, 2705, 4242, 659, 4244, 5268, 151, 664, 2200, 3224, 5272, 666, 4252, 2205, 3229, 4765, 4256, 3745, 675, 5283, 164, 676, 2728, 2219, 5291, 173, 3757, 174, 2222, 5294, 2223, 5297, 3252, 1717, 184, 185, 1212, 3772, 4285, 3262, 2753, 3777, 1219, 1220, 2756, 4293, 1734, 200, 3274, 1229, 1741, 2254, 2257, 3796, 3285, 214, 215, 1751, 3799, 1752, 2270, 2782, 3809, 2787, 3815, 3816, 2281, 748, 3820, 238, 1774, 2287, 1777, 4337, 3828, 1781, 3320, 3834, 2811, 3835, 4347, 1278, 3841, 2818, 2819, 2828, 3852, 2830, 4366, 783, 3855, 4367, 4879, 272, 3856, 2835, 1814, 2840, 3355, 285, 3361, 290, 293, 810, 4400, 1844, 2871, 1848, 2873, 317, 829, 4419, 2884, 1349, 2885, 839, 1358, 2894, 3410, 4946, 3416, 3930, 3932, 2909, 3933, 863, 4963, 4452, 3941, 4457, 1387, 2923, 2929, 882, 2930, 883, 4979, 3956, 2937, 4474, 386, 4489, 3980, 3471, 2960, 5009, 2455, 3991, 2968, 2460, 926, 3489, 2979, 4004, 1957, 2984, 3006, 1984, 4547, 3525, 967, 462, 3534, 468, 469, 981, 4054, 4060, 999, 4071, 4072, 1002, 4074, 4587, 2540, 4589, 2545, 3570, 1013, 5110, 4087, 4088, 4090, 4095
不可拆卸###3714, 1861, 4550, 5127, 457, 394, 650, 4363, 4428, 527, 3215, 4752, 4880, 3923, 3676, 4701, 4894, 1502, 4321, 4322, 2979, 806, 3942, 2664, 2665, 1196, 2478, 947, 2291, 3255, 2232, 2168, 2233, 4478
外观设计###3009, 4099, 292, 1287, 873, 4969, 5290, 3882, 4875, 1454, 3182, 3953, 2900, 4052, 3798, 2456, 89, 1564, 3772, 2205, 4669, 3005, 1085, 3294
小米2s###1920, 1122, 482, 866, 1993, 234, 1135, 1776, 529, 1298, 2643, 87, 88, 1019, 1919
支持4g###66, 2114, 4812, 3342, 3022, 1231, 3156, 5204, 2325, 4181, 2901, 3029, 4886, 4694, 4695, 4888, 728, 2779, 4827, 4575, 992, 2273, 2211, 4900, 2982, 2855, 2279, 4905, 1385, 5232, 5041, 819, 1779, 1332, 820, 5301, 2613, 2807, 4921, 186, 3900
电池续航###3968, 1033, 2442, 3722, 2506, 2444, 3405, 3854, 2447, 3855, 1104, 1297, 785, 2518, 5271, 281, 1625, 2780, 2333, 1759, 2529, 5282, 4323, 355, 3365, 679, 615, 233, 2091, 2222, 175, 3375, 4655, 4785, 1265, 5105, 3250, 1331, 1462, 1210, 698, 4222, 3839
移动4g###4992, 2945, 3203, 4489, 3468, 5197, 270, 4430, 4558, 470, 982, 2839, 1816, 3929, 218, 4507, 2523, 415, 928, 1120, 4833, 740, 4198, 1385, 682, 690, 5301, 1909, 4024, 4856, 4857, 2170, 188, 2941, 4991
续航能力###1984, 353, 3272, 4968, 3529, 425, 74, 3243, 3499, 5196, 685, 1940, 1173, 1909, 2455, 1721, 5245, 2942
屏幕分辨率###772, 3908, 2340, 773, 3173, 199, 268, 2349, 2643, 3252, 2235, 60, 1468, 285, 126
运行内存###3264, 2625, 3842, 578, 4867, 3523, 1990, 4680, 4298, 2443, 2635, 1677, 589, 4558, 911, 464, 4883, 4948, 1238, 3607, 151, 3991, 727, 985, 2077, 4509, 94, 2014, 159, 5216, 4001, 3047, 2665, 3371, 1965, 430, 1327, 495, 1331, 3379, 2164, 54, 2422, 1271, 3771, 379, 1789
运行速度###1664, 257, 2566, 777, 1289, 1417, 1291, 2444, 5135, 3985, 1173, 24, 1309, 2592, 1058, 3618, 4130, 1197, 2094, 2607, 3375, 1203, 1459, 1716, 1081, 1721, 2364, 3395, 1092, 452, 965, 842, 1483, 2509, 3542, 3160, 2520, 3425, 5090, 2148, 2665, 3179, 4715, 2671, 4339, 500, 758, 3576, 2045
金属边框###642, 4613, 4741, 3846, 1543, 522, 4748, 13, 2703, 3727, 1170, 1940, 2455, 25, 3228, 3229, 1566, 1569, 2596, 1956, 2341, 4773, 2342, 3494, 936, 1066, 1578, 1326, 1199, 432, 3634, 1330, 178, 4147, 179, 5300, 183, 3262, 3265, 3395, 2884, 2629, 4166, 967, 4424, 1993, 4554, 2124, 4684, 1103, 1871, 4431, 2257, 3027, 2260, 3285, 4950, 726, 3287, 3930, 1243, 4700, 2782, 478, 1119, 3551, 2017, 3813, 4457, 3305, 3179, 3563, 367, 497, 3443, 3315, 3827, 1909, 4981, 1781, 2167, 2427, 3836, 3326
