摄像头突出###226, 8, 2425, 27, 1069, 1117
屏幕显示效果###1442, 131, 1221, 520, 296, 1932, 492, 1132, 2190, 2030, 879, 2033, 21, 2165, 150, 2141, 2045, 1662
不可拆卸电池###2370, 2210, 611, 2404, 549, 167, 264, 297, 684, 210, 180, 1269, 1781, 598, 313, 26, 442, 2300, 1406
个人###416, 833, 162, 706, 995, 133, 8, 649, 716, 653, 2030, 1456, 2417, 787, 2165, 822, 1816, 2041, 1307, 28
个性###1776, 1571, 23, 327, 1304, 1736, 2264, 585, 330, 463
价位###128, 768, 1920, 836, 485, 1446, 103, 745, 907, 1099, 1931, 593, 657, 1202, 1778, 371, 1812, 2102, 571, 636, 95, 1919, 2047, 2303
亮点###433, 1300, 1429, 2165, 1622, 295, 1289, 2297, 1483, 444, 1356, 1277
价格###2050, 6, 1030, 519, 8, 520, 1544, 2057, 1547, 2062, 527, 2074, 539, 1566, 545, 549, 1062, 1063, 553, 1577, 1578, 2093, 559, 48, 1073, 2097, 1587, 2100, 1589, 2103, 1592, 1595, 1084, 1598, 578, 2114, 579, 583, 1607, 1096, 2120, 2121, 586, 587, 596, 1113, 1116, 611, 1126, 1638, 1128, 1130, 1131, 620, 1132, 109, 2157, 623, 2159, 1649, 1138, 2163, 1653, 2169, 2170, 1149, 1663, 2184, 653, 658, 1171, 2197, 2200, 665, 1696, 1697, 677, 167, 1703, 681, 2217, 172, 1200, 2225, 1202, 1715, 183, 184, 186, 187, 192, 1216, 1223, 200, 2249, 203, 1741, 1742, 2257, 1752, 222, 1758, 735, 2271, 1248, 2272, 737, 1761, 1762, 2279, 2284, 1261, 750, 751, 246, 758, 1785, 1789, 2303, 1792, 769, 259, 2307, 1797, 262, 1293, 1294, 1295, 1298, 1301, 1302, 1305, 1307, 1820, 800, 289, 294, 1318, 1830, 295, 808, 297, 809, 1322, 1323, 1838, 1839, 2351, 1845, 1847, 315, 1341, 1854, 2367, 832, 2368, 328, 840, 331, 2379, 1869, 334, 849, 341, 343, 1367, 2391, 344, 856, 2396, 1375, 353, 1377, 869, 2410, 366, 1391, 1392, 369, 1907, 884, 1396, 2421, 374, 1399, 2426, 1916, 381, 387, 1411, 1924, 393, 1418, 1422, 1934, 399, 1937, 1426, 407, 1943, 924, 419, 1957, 1449, 429, 1455, 432, 1969, 434, 451, 454, 967, 1485, 464, 977, 2007, 1497, 1498, 991, 484, 485, 2021, 2022, 488, 2031, 2032, 2040
信号###320, 384, 2240, 321, 385, 897, 322, 4, 455, 1162, 1164, 1168, 660, 661, 86, 1125, 422, 423, 47, 177, 497, 817, 499, 1331, 437, 570, 634
做工###1857, 67, 4, 1668, 907, 1164, 463, 1297, 1745, 1043, 2006, 412, 1247, 1701, 102, 1703, 2215, 2280, 1132, 496, 2102, 1207, 2167, 120, 1208, 377, 1915
价钱###1137, 1682, 2195, 644, 693, 1670, 2008, 969, 1882, 156, 2028, 62
光学###704, 1570, 1571, 132, 70, 1414, 71, 135, 10, 619, 1292, 1356, 1388, 1357, 1775, 1776, 2418, 1843, 84, 22, 342, 23, 1048, 2009
内存###384, 2432, 1666, 644, 1541, 2054, 2310, 391, 1161, 1289, 1417, 1418, 1043, 278, 664, 1560, 27, 667, 1564, 1565, 30, 2206, 415, 1183, 417, 162, 1058, 549, 1701, 1191, 1192, 426, 810, 1322, 47, 1839, 49, 2099, 2356, 567, 568, 314, 956, 445, 957, 321, 67, 1604, 460, 846, 976, 1746, 1748, 88, 1241, 1881, 858, 2011, 1629, 1502, 1122, 102, 2024, 1129, 748, 365, 1389, 1390, 240, 1137, 882, 883, 2165, 2293, 247, 632, 379
充电###1026, 1410, 2180, 2054, 1543, 8, 1928, 521, 395, 779, 1552, 149, 22, 278, 23, 1303, 1051, 1564, 30, 414, 1570, 1571, 933, 2213, 1959, 1065, 1193, 171, 1195, 1068, 1968, 177, 689, 1204, 693, 2101, 1466, 2109, 704, 1344, 1089, 194, 452, 453, 585, 975, 1748, 2009, 2014, 2398, 353, 2278, 359, 1255, 362, 619, 2029, 111, 1775, 496, 1776, 497, 498, 755, 500, 2036, 886, 126, 127
功能###0, 769, 6, 8, 1032, 780, 1036, 2061, 272, 1552, 20, 2324, 2070, 23, 1304, 2072, 793, 287, 2337, 34, 802, 291, 1571, 2339, 548, 804, 37, 807, 42, 2348, 558, 559, 48, 1075, 2100, 1333, 54, 1342, 1854, 1601, 323, 326, 71, 327, 585, 330, 586, 1357, 846, 1103, 1871, 337, 1364, 1365, 860, 861, 1376, 354, 103, 104, 619, 2411, 1132, 2412, 2413, 112, 2417, 116, 886, 378, 635, 126, 1151, 132, 2180, 389, 1421, 1936, 149, 661, 1942, 1179, 1948, 414, 415, 416, 2209, 1700, 933, 423, 170, 1965, 1966, 947, 182, 188, 958, 959, 704, 453, 1486, 975, 208, 209, 734, 1503, 1504, 743, 2023, 1002, 1514, 2029, 1776, 755, 500, 1784, 1787
反应###1344, 580, 1988, 1159, 424, 683, 2286, 975, 1206, 1306, 733, 542
品牌###416, 165, 325, 103, 327, 104, 330, 1578, 1227, 301, 429, 174, 1007, 464, 178, 790, 1814, 442, 254, 1374
塑料###1793, 1925, 7, 1671, 2314, 1484, 1870, 917, 1941, 22, 279, 1945, 2009, 1948, 990, 98, 1570, 1763, 549, 1317, 1766, 1896, 1069, 1390, 1775, 1008, 1648, 177, 882, 1906, 51, 307, 1588, 309, 1909, 2101, 2165, 247, 312, 58, 2300, 2109
外壳###1136, 2437, 1671, 1799, 2439, 909, 1757, 414, 415
外形###1024, 323, 1348, 1802, 1484, 2316, 1933, 2318, 656, 2384, 1233, 2323, 470, 1558, 23, 663, 24, 25, 91, 1760, 993, 995, 1571, 2211, 1572, 2215, 1384, 1776, 497, 1777, 122, 1212, 1277
大气###672, 1376, 1731, 2211, 644, 2020, 2084, 1318, 522, 842, 683, 1740, 1107, 1299, 1781, 1819
外观###0, 1536, 2049, 514, 1027, 4, 7, 1032, 1545, 1035, 1039, 532, 2073, 26, 538, 541, 544, 1056, 34, 548, 1063, 40, 2088, 554, 43, 555, 46, 1585, 566, 1591, 2103, 56, 1080, 1594, 2109, 2110, 65, 67, 1603, 1608, 1611, 588, 595, 85, 1624, 2136, 96, 2144, 2146, 2148, 102, 1126, 2150, 1129, 1641, 1132, 1133, 626, 1139, 1651, 1652, 1653, 2165, 631, 1656, 1659, 1662, 1665, 1158, 2183, 650, 1164, 2191, 1683, 1173, 150, 1175, 152, 665, 667, 2206, 672, 1185, 1186, 2210, 676, 1189, 166, 680, 169, 1193, 2218, 1196, 2224, 689, 692, 182, 184, 1209, 1721, 188, 1725, 702, 2239, 1216, 193, 1731, 1735, 1224, 2248, 713, 715, 205, 717, 718, 726, 217, 2269, 734, 2270, 224, 227, 740, 2278, 743, 744, 1259, 1772, 2285, 1262, 1778, 2291, 1781, 247, 1783, 254, 1793, 1283, 1796, 1289, 1292, 1804, 269, 782, 1807, 2320, 1297, 277, 2329, 284, 797, 1311, 1312, 1315, 805, 1317, 296, 1327, 2353, 1843, 1846, 2362, 2363, 1343, 1855, 1857, 1860, 325, 837, 327, 1353, 330, 842, 1356, 847, 2383, 850, 1362, 341, 1365, 1366, 1878, 856, 345, 347, 859, 1884, 353, 865, 354, 2402, 2403, 1893, 1382, 1896, 873, 1385, 875, 1900, 1903, 1393, 2417, 882, 2418, 1395, 885, 2421, 1916, 1922, 899, 2436, 2439, 1416, 914, 1427, 918, 1945, 411, 1437, 928, 418, 1442, 419, 1447, 1448, 425, 1962, 940, 1964, 946, 1462, 439, 951, 441, 1465, 442, 961, 1475, 1991, 1486, 463, 467, 981, 987, 480, 2017, 485, 1510, 489, 2025, 2026, 495, 2036, 1014, 506, 1530, 509
声音###0, 34, 1666, 4, 100, 324, 1164, 911, 177, 467, 2393, 634, 92, 605
尺寸###1680, 2369, 962, 822, 1910, 40, 2424, 425, 1804, 797
小时###736, 417, 450, 67, 1379, 2024, 2216, 2312, 2282, 43, 395, 619, 1387, 911, 785, 211, 2326, 1528, 1182
屏幕###0, 1024, 4, 1540, 517, 519, 1031, 2055, 8, 1032, 1546, 2058, 1036, 14, 2065, 1557, 2070, 24, 536, 25, 1561, 2073, 26, 27, 1564, 542, 31, 1567, 2079, 34, 1572, 37, 2085, 2086, 556, 1068, 46, 1585, 2098, 2101, 54, 55, 2105, 1594, 63, 1600, 577, 1089, 68, 69, 1606, 1102, 2126, 591, 84, 596, 1620, 1110, 600, 1114, 604, 1119, 608, 2144, 97, 1635, 2147, 613, 1638, 105, 619, 1137, 1649, 2162, 117, 1145, 634, 1146, 123, 2171, 124, 1665, 644, 1668, 647, 648, 650, 1164, 1677, 145, 2193, 659, 1173, 1686, 663, 152, 1177, 155, 1693, 1694, 1696, 2209, 164, 1188, 2212, 2215, 683, 1710, 176, 177, 689, 1203, 2227, 696, 697, 1209, 2233, 186, 1722, 187, 700, 189, 701, 2237, 190, 1215, 704, 2242, 1735, 200, 205, 718, 1743, 1233, 1749, 1751, 730, 1242, 2267, 220, 1244, 737, 1766, 231, 744, 1259, 1777, 2291, 247, 1273, 252, 254, 265, 1289, 266, 1290, 268, 1292, 1804, 1808, 2321, 274, 1300, 2325, 278, 791, 281, 2330, 798, 1822, 2335, 802, 1315, 1828, 1831, 1321, 1834, 1835, 2347, 300, 1837, 2349, 2350, 304, 817, 1841, 1330, 1843, 1849, 1339, 1340, 1852, 1855, 833, 1348, 1350, 2374, 2376, 842, 1356, 334, 846, 1870, 1871, 848, 1363, 1367, 346, 858, 2408, 1389, 2415, 368, 370, 1906, 371, 1395, 886, 1910, 2423, 1400, 2429, 1918, 383, 1407, 2432, 1921, 902, 1926, 2438, 1416, 1417, 394, 1419, 908, 910, 1935, 402, 1942, 1432, 1435, 1948, 414, 929, 930, 1954, 419, 931, 1443, 936, 1451, 428, 940, 941, 954, 443, 1469, 452, 1476, 1988, 453, 1479, 1991, 458, 1482, 1483, 461, 975, 1487, 2000, 466, 978, 468, 1499, 2014, 995, 2020, 2021, 487, 2027, 495, 1008, 497, 1009, 2035, 501, 1527, 2039, 1528
容量###1856, 164, 167, 2055, 170, 171, 300, 273, 146, 84, 1749, 2362, 27, 2203, 572, 31
市场###416, 432, 497, 564, 1220, 197, 213, 325, 2101, 663, 1032, 1434
工艺###993, 1989, 457, 521, 427, 204, 463, 1839, 49, 1236, 2101, 1622, 120, 922, 2171, 252, 2367
怪兽###32, 226, 1570, 22, 1750, 1303, 2056, 2009, 1775
待机###736, 1152, 1508, 2024, 106, 591, 911, 1586, 372, 1301, 1397, 2133, 282, 797, 510, 1182
性能###0, 2, 258, 1796, 6, 7, 2056, 9, 1545, 1292, 2060, 2318, 1551, 1552, 2321, 22, 1303, 24, 1816, 795, 797, 1822, 1567, 32, 1312, 34, 1570, 547, 36, 292, 1572, 1061, 1573, 2342, 1063, 296, 1839, 562, 52, 1076, 1591, 1084, 1598, 1600, 1857, 1858, 67, 1603, 1349, 1096, 585, 587, 588, 2125, 2382, 592, 2384, 1105, 594, 1619, 341, 2390, 1368, 1624, 347, 1884, 1631, 1634, 2403, 1382, 1640, 1129, 1385, 876, 1132, 1900, 622, 1391, 1903, 2415, 1136, 2417, 114, 1139, 1651, 116, 2165, 2167, 120, 1657, 122, 1403, 640, 386, 899, 2435, 2437, 907, 404, 150, 1942, 2199, 152, 1437, 415, 671, 416, 1697, 2209, 162, 1186, 2211, 680, 427, 429, 686, 1968, 1201, 1205, 1461, 1979, 1213, 1471, 1217, 1475, 1731, 1478, 971, 2253, 1486, 463, 2256, 2003, 1750, 217, 2009, 2270, 1247, 993, 226, 995, 1769, 2025, 1002, 492, 749, 1775, 1777, 2033, 1266, 1267, 2291, 756, 1274, 252, 254
手感###2305, 770, 2307, 4, 772, 2180, 517, 646, 902, 1545, 1929, 1674, 908, 1164, 1677, 1039, 1043, 917, 1558, 1177, 26, 541, 1312, 162, 674, 1186, 2082, 1060, 1189, 1701, 2215, 936, 1962, 1197, 2224, 309, 2101, 55, 569, 58, 954, 572, 1855, 67, 1349, 1861, 1350, 1353, 715, 1611, 2123, 1997, 1230, 1614, 463, 1487, 1362, 595, 2131, 1364, 217, 2138, 1499, 2013, 2278, 744, 1641, 2153, 875, 365, 622, 2414, 752, 626, 120, 376, 2297, 2171, 126
技术###1095, 8, 398, 591, 2064, 22, 983, 2009, 991, 992, 226, 1570, 1698, 163, 1059, 1187, 2212, 2408, 299, 1005, 1775, 2415, 2101, 310, 1083, 124
指纹###1665, 771, 772, 1925, 2181, 648, 1032, 585, 75, 971, 1100, 909, 975, 18, 786, 1430, 1496, 1179, 797, 735, 1442, 548, 37, 166, 1642, 1068, 1711, 1648, 49, 503, 570, 1659, 126
按键###1187, 37, 2055, 2151, 2279, 585, 586, 464, 1749, 570, 2043, 925, 31
效果###129, 644, 1031, 1677, 274, 23, 1561, 2073, 411, 1692, 1312, 2209, 802, 1186, 419, 1571, 548, 1831, 46, 430, 1070, 1585, 1074, 1971, 1461, 951, 2105, 1212, 1852, 704, 193, 324, 968, 1737, 463, 1233, 1362, 467, 213, 1365, 470, 729, 990, 2144, 2147, 2020, 1256, 1259, 2156, 749, 1645, 1776, 882, 2418, 117, 247, 120, 888, 634, 126
时尚###2211, 644, 692, 102, 1014, 2183, 744, 811, 1356, 463
机型###416, 1394, 2115, 1814, 519, 855, 999, 745, 2029, 1102, 863
杠杠###1265, 1748, 2054, 1671, 1831, 1673, 1849, 1722, 1947, 30
曲面###1344, 1286, 1224, 201, 2122, 2123, 78, 79, 2064, 2065, 1300, 2196, 917, 1301, 1306, 2010, 1692, 2076, 861, 1949, 2141, 2205, 2142, 2212, 37, 43, 2029, 1582, 310, 1974, 1146, 1277
机身###512, 321, 513, 577, 386, 67, 644, 1925, 1543, 2055, 1737, 1674, 1036, 1356, 77, 1870, 1615, 2385, 146, 19, 1749, 1941, 1622, 794, 31, 1823, 1824, 99, 1701, 172, 496, 1456, 116, 1588, 309, 1333, 2101, 2357, 311, 1143, 2169
材质###1793, 1059, 710, 1766, 2215, 1711, 1552, 2032, 305, 2353, 1906, 2323, 116, 1620, 277, 981, 311, 1015, 282, 1822
模式###2304, 67, 73, 1935, 689, 785, 1043, 2291, 917, 2325, 152, 1051, 637
游戏###0, 769, 644, 5, 1541, 646, 2054, 7, 1543, 2056, 2314, 911, 529, 276, 2324, 1301, 22, 1303, 1177, 26, 794, 30, 414, 799, 33, 34, 162, 1570, 931, 42, 2090, 172, 822, 573, 448, 1600, 453, 972, 1996, 721, 2259, 1748, 1750, 471, 984, 2009, 474, 475, 1631, 226, 356, 749, 1518, 1775, 1266, 2293, 758, 507, 252
照片###753, 7, 71, 665, 1049, 26, 154, 1882, 1357, 1405, 975, 1855
版本###2336, 1073, 18, 1364, 1383, 201, 474, 75, 1356, 559
特色###1777, 2418, 1572, 24, 1384, 1784, 126, 2318, 1327
玻璃###0, 1793, 259, 2051, 900, 2181, 1286, 1671, 1032, 1034, 1674, 1930, 1165, 654, 1043, 791, 1559, 664, 1560, 26, 284, 1052, 414, 1823, 1057, 34, 1698, 2082, 419, 37, 1061, 38, 1711, 49, 689, 309, 565, 2101, 58, 317, 830, 1855, 704, 1600, 67, 2116, 710, 1870, 1871, 464, 84, 598, 1238, 1241, 1373, 1757, 990, 482, 2278, 1384, 1642, 619, 1388, 2156, 1005, 2030, 1648, 2032, 2160, 2165, 247, 2171, 126, 1790
现象###0, 1344, 34, 882, 115, 4, 2180, 2090, 1164, 655
电影###736, 1600, 33, 162, 644, 2055, 2024, 2056, 172, 1935, 1042, 1749, 758, 1750, 27, 475, 507, 956, 957, 31, 1631
电池###1, 513, 1025, 1539, 5, 7, 2055, 1032, 2056, 521, 2057, 1037, 1038, 529, 533, 1045, 534, 24, 27, 1564, 1565, 1054, 31, 2079, 33, 35, 2083, 1572, 2086, 2087, 41, 2090, 1071, 2096, 50, 563, 567, 1082, 572, 2108, 578, 579, 2119, 587, 1612, 589, 1101, 1102, 591, 80, 81, 593, 84, 596, 1113, 603, 93, 1629, 1118, 608, 1120, 97, 1123, 101, 2151, 104, 616, 618, 1134, 111, 1135, 1137, 1140, 1652, 1653, 118, 1655, 638, 127, 2175, 1666, 644, 1668, 1672, 1161, 140, 141, 653, 1169, 146, 2194, 660, 149, 1174, 663, 1687, 665, 1177, 675, 164, 2216, 170, 171, 1708, 1709, 174, 177, 2225, 181, 2229, 2232, 189, 194, 198, 1222, 714, 715, 2251, 718, 1744, 721, 211, 213, 1749, 1750, 727, 2265, 730, 2268, 226, 1764, 743, 2279, 1770, 2282, 748, 1260, 1777, 760, 1273, 251, 2301, 256, 2304, 769, 1794, 2312, 266, 780, 782, 783, 2319, 273, 276, 789, 278, 1817, 1307, 2333, 1822, 799, 801, 802, 1826, 292, 293, 1317, 1829, 809, 300, 303, 815, 821, 824, 2360, 1337, 314, 2362, 828, 1856, 321, 2371, 324, 1350, 1351, 840, 841, 843, 846, 848, 1362, 340, 1876, 853, 343, 1369, 2393, 2395, 348, 2396, 2399, 355, 869, 870, 1383, 872, 1897, 874, 1898, 1389, 1390, 2416, 1394, 883, 372, 1396, 1397, 2421, 1910, 375, 889, 379, 2430, 384, 385, 387, 1926, 903, 1416, 905, 1418, 911, 919, 1433, 410, 414, 926, 415, 416, 417, 419, 424, 1452, 1460, 1975, 953, 1466, 1471, 1476, 453, 966, 1480, 1992, 1483, 979, 1492, 982, 2011, 490, 2027, 493, 2029, 494, 496, 497, 1522, 2035, 1012, 1013, 502, 1526, 1528, 507, 1019, 1021, 2046, 1535
电源###2304, 273, 226, 675, 1379, 520, 26, 542, 1855
电话###736, 960, 42, 906, 1387, 653, 1518, 208, 209, 339, 116, 660, 343, 507, 1371, 573, 959
画质###402, 1570, 22, 1591, 2009, 474, 1695, 1775, 2159
电量###1856, 675, 1379, 20, 1237, 1574, 8, 1528, 2024, 1337, 1054, 111
界面###1537, 4, 1701, 7, 519, 650, 1132, 1164, 1356, 176, 209, 1489, 20, 84, 1209, 126, 414
相机###0, 4, 132, 900, 5, 1164, 782, 146, 152, 664, 1689, 154, 797, 161, 34, 802, 163, 1060, 40, 424, 2088, 425, 2090, 299, 1075, 2101, 185, 317, 1215, 704, 1858, 67, 452, 713, 715, 848, 593, 350, 352, 611, 486, 753, 114, 754, 882, 2291, 2292, 2165, 637
硬件###1032, 780, 461, 1743, 145, 146, 147, 469, 2070, 857, 154, 474, 1818, 1947, 669, 1630, 480, 2405, 2150, 680, 685, 1839, 1073, 2353, 117, 822, 444, 509, 1406, 1279
科技###1312, 386, 710, 1286, 2278, 647, 1321, 2124, 557, 112, 496, 1136, 1616, 465, 1363
程序###769, 1058, 1988, 757, 982, 7, 455, 1351, 586, 1372, 47
系列###2241, 1282, 1570, 2082, 1059, 1187, 804, 1765, 2314, 203, 683, 908, 1775, 497, 211, 436, 1460, 22, 2009, 666, 28, 2239, 2335
系统###0, 1537, 1028, 1540, 773, 1541, 2054, 7, 1032, 2058, 782, 1552, 785, 1042, 21, 790, 2071, 2072, 795, 796, 1053, 30, 543, 34, 1058, 1060, 1319, 1831, 554, 810, 47, 48, 313, 826, 1344, 1601, 67, 1860, 2372, 1096, 842, 1356, 1870, 84, 1365, 1877, 1879, 1881, 1883, 2139, 2408, 365, 1645, 2159, 1137, 2418, 883, 1139, 373, 118, 120, 126, 2431, 1665, 1666, 132, 133, 1669, 2181, 134, 2186, 1163, 1422, 1942, 921, 1947, 669, 1182, 2207, 1185, 1189, 1445, 1701, 1702, 1191, 1704, 428, 173, 942, 689, 1202, 1720, 1465, 704, 960, 193, 1221, 713, 1738, 462, 463, 1745, 467, 1748, 981, 982, 474, 731, 2267, 734, 990, 480, 736, 1504, 1761, 226, 1762, 741, 742, 743, 999, 2024, 235, 748, 2029, 2032, 247, 1527, 1018, 1530, 1278, 1279
级别###0, 34, 226, 1060, 2102, 103, 247, 1145, 1822
细节###1602, 2146, 999, 427, 1675, 2380, 1774, 1941, 983, 377, 474, 59, 28, 61, 606
续航###1281, 2049, 642, 1794, 515, 1668, 2181, 521, 394, 268, 1166, 1167, 657, 23, 2071, 24, 152, 1304, 1949, 1568, 2210, 1443, 1571, 1572, 38, 1062, 2086, 1319, 1963, 172, 812, 1964, 46, 2222, 559, 1583, 176, 1328, 1584, 1457, 2099, 2102, 442, 315, 1083, 573, 1729, 1090, 1218, 1346, 67, 964, 1989, 2117, 586, 210, 93, 2142, 2145, 994, 1251, 1379, 2147, 100, 101, 1638, 1894, 1767, 2024, 2025, 1776, 1777, 1522, 115, 755, 2291, 116, 887, 1658, 1660, 2172, 127
网络###0, 304, 1520, 2288, 34, 84, 2341, 886, 249, 250, 510, 1855
耳机###1424, 1776, 787, 1491, 1571, 7, 23, 887, 1127, 569, 634, 143
能力###1858, 773, 1734, 459, 468, 2335, 1763, 1711, 1652, 1210
缝隙###97, 642, 1090, 1093, 1989, 1096, 907, 1069, 687, 911, 464, 688, 1296, 657, 1649, 2321, 1334, 377, 1242, 1723, 412
色彩###689, 1921, 1748, 2165, 2054, 1049, 2122, 1356, 1165, 30, 414, 430
视频###644, 2308, 71, 1543, 2314, 1421, 2387, 1301, 22, 1303, 2009, 1371, 92, 1244, 414, 2400, 1441, 1570, 163, 2341, 2086, 299, 427, 1069, 1775
诚意###400, 195, 2420, 277, 517, 2182, 874, 1467, 1630, 335, 1199
质感###1570, 2307, 4, 871, 1674, 2314, 1164, 1775, 2323, 2165, 22, 2039, 2009
质量###771, 2307, 772, 773, 2054, 583, 718, 975, 338, 466, 339, 1748, 853, 663, 30, 992, 97, 424, 108, 174, 1198, 2416, 817, 2100, 630, 1019
软件###1666, 2180, 133, 1669, 2054, 2186, 2188, 653, 1043, 1174, 1814, 23, 1047, 1307, 668, 796, 1309, 30, 414, 931, 1571, 426, 810, 43, 427, 428, 2101, 54, 822, 950, 2230, 956, 957, 65, 67, 966, 1738, 1357, 462, 1487, 976, 977, 1489, 1748, 350, 738, 486, 103, 1511, 2024, 365, 1776, 2288, 884, 124, 510, 2431
边框###196, 584, 1096, 2383, 273, 2321, 403, 662, 1622, 279, 664, 412, 991, 97, 1057, 1187, 747, 1069, 1325, 1648, 2032, 689, 1334, 2424, 1723, 1087
速度###2048, 1665, 4, 132, 644, 1540, 2180, 389, 773, 6, 7, 648, 650, 2058, 1164, 1422, 1168, 1683, 2324, 407, 541, 927, 424, 41, 43, 1197, 1073, 693, 2101, 951, 569, 1209, 1089, 1858, 1348, 1988, 1350, 1991, 457, 458, 586, 203, 333, 464, 720, 2000, 340, 85, 1238, 89, 90, 353, 1383, 105, 875, 1388, 879, 1519, 114, 2418, 884, 2165, 1912, 2042, 1659
进步###419, 388, 1908, 6, 615, 951, 1289, 1418, 2091, 991
运行###769, 67, 2054, 103, 648, 1201, 1748, 757, 1365, 2293, 1047, 30, 799
金属###704, 2051, 7, 1674, 2314, 2316, 1870, 591, 464, 2321, 84, 1941, 22, 790, 23, 664, 2009, 26, 1757, 990, 1057, 1570, 1059, 1571, 1384, 172, 2156, 2030, 1775, 1136, 1776, 2032, 49, 307, 1843, 1588, 1844, 1909, 2101, 247, 2107, 2109, 126, 1790, 1855
镜头###704, 626, 2052, 2292, 2406, 1447, 1064, 2344, 1388, 927
防水###497, 2321, 389, 789, 982, 8, 377, 170, 1500, 2108, 1966, 559
音质###176, 4, 100, 1623, 729, 2393, 634, 604, 1164, 1644, 1389, 975
颜色###704, 2113, 2305, 1122, 1858, 293, 619, 397, 1133, 558, 1454, 785, 1143, 2329, 26, 28, 1084, 1855
传感器###16, 689, 1697, 1925, 2101, 647, 1417, 971, 60, 1388, 799
充电器###736, 721, 1491, 1351, 1529, 170, 1194, 127, 367
分辨率###1536, 65, 67, 963, 644, 1348, 69, 1925, 646, 2054, 1543, 1929, 526, 145, 1042, 84, 1748, 150, 791, 2073, 218, 475, 30, 798, 1822, 927, 1695, 2079, 2209, 1443, 996, 998, 296, 2408, 1451, 428, 430, 2030, 1584, 498, 1459, 308, 1142, 1526, 503, 1145, 2362, 127
双曲面###1265, 565, 981, 1253, 710, 712, 1032, 1227, 1899, 2331
处理器###1414, 137, 1289, 12, 1292, 782, 1168, 788, 24, 152, 664, 1050, 1306, 1822, 1695, 928, 931, 1443, 548, 1572, 1701, 2085, 1834, 1069, 1839, 689, 1465, 317, 1982, 1215, 704, 193, 1986, 67, 585, 586, 971, 1611, 463, 2384, 981, 88, 1241, 858, 990, 1634, 102, 1384, 362, 874, 2159, 2415, 1777, 2418, 2291, 2171, 252, 254, 383, 1407
大猩猩###2209, 1570, 1572, 261, 2054, 1068, 1388, 1775, 689, 1777, 1748, 565, 22, 1303, 25, 2009, 2105, 2171, 30
摄像头###1536, 518, 2054, 2055, 1289, 1290, 1805, 15, 1296, 786, 1043, 277, 2070, 23, 1817, 30, 31, 799, 1056, 1057, 1313, 1571, 549, 1062, 1574, 296, 552, 808, 1064, 809, 2349, 1838, 1839, 50, 308, 565, 310, 822, 316, 828, 1852, 1853, 831, 1855, 832, 1344, 1601, 834, 835, 838, 1350, 71, 1351, 72, 73, 1609, 589, 1101, 590, 591, 2130, 84, 596, 1876, 854, 1623, 858, 1373, 862, 2142, 1120, 2409, 2154, 620, 1388, 2156, 1389, 1904, 115, 1907, 116, 887, 2169, 2172, 127, 644, 2181, 1926, 647, 1417, 142, 1424, 146, 150, 406, 414, 1183, 162, 418, 1187, 1699, 932, 936, 937, 172, 2221, 431, 689, 440, 441, 1465, 442, 1466, 1980, 1726, 1983, 448, 1216, 193, 705, 194, 1992, 971, 1228, 206, 464, 210, 1748, 2004, 981, 1749, 1239, 218, 2010, 2267, 991, 2021, 1000, 233, 492, 1260, 1776, 1009, 1523, 244, 759, 253, 1021, 1791
显示屏###1570, 1571, 2314, 2316, 1775, 1776, 179, 405, 565, 2293, 22, 23, 503, 1303, 1304, 1241, 2009
猎户座###981, 7, 648, 1368, 457, 1241, 1822, 1695, 2159
大猩猩玻璃###18, 1748, 2101, 2054, 247, 874, 75, 459, 1979, 30, 782
不可拆卸###1856, 1794, 2371, 5, 7, 2055, 714, 715, 1749, 663, 923, 31, 355, 1383, 1135, 376, 443
值得拥有###1795, 1545, 1833, 1513, 971, 107, 557, 1264, 465, 2161, 2066, 2195, 691, 1587, 916, 1086, 1150
值得购买###1730, 1955, 2149, 2182, 1639, 1706, 1358, 2164, 822, 694, 1914, 319, 1407
充电技术###1777, 1572, 2102, 25, 2010, 1468
可以接受###768, 327, 330, 186, 715, 253, 254
可以考虑###561, 657, 2307, 2115, 1685, 550, 1063, 1927, 1786, 2063
反应速度###529, 535, 520, 585, 475, 1837, 463, 111
外观设计###450, 99, 132, 644, 1444, 1956, 613, 1701, 518, 1032, 1580, 749, 1197, 1486, 2160, 2256, 2033, 2131, 1941, 2071, 281, 669, 1309, 1790
屏幕大小###881, 993, 1218, 995, 4, 1189, 1942, 2119, 744, 2088, 1164
屏幕显示###0, 2113, 1858, 323, 2180, 1997, 782, 1365, 1306, 34, 1637, 1701, 1265, 1659
屏幕色彩###1312, 1601, 1523, 132, 2165, 342, 199, 185, 1641, 427, 414
总体感觉###769, 694, 1337, 715, 2077
性能方面###1824, 294, 26, 2171, 1855
扩展内存###256, 609, 819, 1046, 982, 2231, 1271, 428, 684, 2012, 2029, 1405
按压指纹###720, 193, 2437, 1414, 135, 1048, 1465, 1945, 10, 1292
指纹识别###704, 2180, 133, 453, 455, 1351, 2311, 8, 1043, 981, 1622, 2010, 2267, 350, 990, 1887, 2274, 933, 486, 810, 1069, 1070, 689, 1203, 2101, 886
有待提高###1313, 1586, 1636, 1800, 1515, 172, 1196, 2172, 750, 126
显示效果###704, 1218, 1507, 647, 939, 108, 1356, 1837, 1710, 1870, 176, 914, 2162, 2354, 1942, 2107, 1244, 93
更换电池###705, 2145, 1123, 1604, 298, 1514, 428, 524, 272, 693, 438, 599, 158
智能手机###528, 1984, 1, 35, 2195, 84, 564, 1220, 197, 616, 2393, 1470
曲面屏幕###1968, 1073, 1890, 1925, 585, 1436, 463
电池续航能力###807, 103, 1800, 1257, 1738, 1295, 975, 2034, 915, 2068, 1204, 472, 2040, 409, 1913, 476, 2206, 1663
玻璃后盖###2321, 1570, 1763, 22, 7, 2009, 2314, 1963, 1775
电池不可###1776, 1571, 1316, 23, 1304, 1417, 1034, 586, 238
电池容量###1536, 130, 1411, 900, 5, 1672, 2057, 1424, 275, 276, 23, 152, 1304, 282, 923, 673, 1443, 1571, 1188, 1446, 167, 297, 172, 431, 307, 564, 949, 1717, 2357, 186, 187, 315, 1083, 445, 190, 575, 1471, 1983, 832, 834, 835, 1347, 836, 197, 200, 714, 1354, 1482, 334, 1102, 591, 593, 210, 1365, 1111, 1367, 93, 1888, 225, 609, 226, 614, 1383, 1767, 745, 618, 746, 1130, 1131, 1132, 1776, 2160, 242, 370, 2290, 115, 371, 755, 2291, 2419, 116, 1269, 2037, 247, 376, 121, 1401, 1275
电池续航###771, 644, 772, 518, 1040, 1553, 916, 1556, 1176, 1562, 797, 419, 941, 1325, 1711, 1206, 1334, 951, 1850, 316, 66, 67, 1859, 2243, 455, 1225, 1885, 1379, 1254, 745, 750, 1016
硬件配置###226, 1061, 523, 1083, 1277
系统优化###419, 1030, 1032, 937, 715, 460, 844, 2031, 1936, 2230, 664, 2232, 991
续航能力###1, 5, 2375, 2316, 1293, 2062, 1811, 724, 21, 661, 789, 1365, 150, 23, 152, 1304, 665, 2074, 27, 1184, 1760, 35, 1571, 549, 2213, 614, 934, 807, 296, 1705, 1003, 1835, 1196, 1645, 1776, 755, 757, 885, 2166, 247, 760, 121, 2108, 2111
续航问题###1313, 1897, 1245, 1198
屏幕分辨率###129, 1985, 2051, 4, 69, 1414, 136, 11, 1164, 909, 2129, 1619, 788, 1876, 664, 1049, 1698, 2150, 428, 1324, 752, 114, 442, 444, 1855
运行内存###66, 644, 646, 1414, 1799, 104, 138, 426, 586, 428, 13, 975, 1142, 376, 1372, 1182, 1183
运行速度###1024, 33, 1186, 4, 968, 2056, 650, 108, 1164, 333, 910, 1262, 1103, 1873, 1011, 1971, 1750, 1306, 2045, 2110, 1695
金属机身###67, 517, 565, 1781, 1062, 2408, 858, 1274, 1597, 591, 1407
金属边框###1601, 1793, 482, 1442, 1061, 199, 871, 1671, 1896, 622, 2030, 1648, 2165, 1241, 1242, 284, 1084, 317, 414
