外观###1537, 5121, 7682, 5636, 4101, 3078, 5642, 523, 7180, 3090, 5138, 533, 22, 3097, 7708, 5664, 5665, 4130, 5156, 6180, 2598, 7719, 43, 6702, 3119, 51, 6711, 6200, 6203, 6204, 6206, 4671, 5699, 6211, 4676, 3142, 6214, 4679, 5703, 7752, 6729, 7757, 6223, 4689, 2134, 6231, 6744, 2137, 3162, 2140, 1118, 2142, 1120, 6753, 4194, 99, 5731, 4198, 7782, 5224, 4715, 5227, 1132, 621, 3694, 6768, 1138, 7795, 3701, 5237, 7285, 5243, 5755, 4220, 2688, 3202, 1672, 3722, 6283, 1680, 3216, 7824, 3729, 6803, 7317, 4758, 5272, 665, 1693, 3232, 3234, 2725, 3752, 6824, 4778, 1195, 688, 3760, 4786, 6837, 3256, 6841, 2235, 5819, 3779, 5318, 6854, 1738, 2251, 4299, 6859, 2254, 3285, 1753, 6362, 1756, 3806, 6878, 7390, 6367, 4836, 3814, 6375, 6887, 4330, 5866, 7402, 7403, 1772, 4846, 6382, 1263, 3312, 1780, 3318, 5879, 2810, 4346, 1275, 1790, 3327, 7936, 2818, 3843, 5383, 1289, 5386, 5905, 6929, 274, 2323, 4887, 4889, 7449, 4382, 1312, 2336, 3874, 7971, 4391, 6952, 7465, 5418, 6954, 2348, 7468, 4913, 7474, 7477, 4923, 4926, 2367, 5442, 5451, 8019, 3927, 8029, 8033, 6501, 7014, 4971, 2413, 4462, 1391, 7535, 5492, 5502, 2431, 2945, 386, 4995, 3460, 4486, 2443, 8075, 908, 5015, 1947, 926, 6046, 5537, 6561, 6564, 1445, 5544, 4009, 7081, 6059, 7596, 6063, 435, 6580, 7605, 4022, 6584, 6585, 4544, 2499, 6598, 1479, 2507, 6091, 460, 4044, 7116, 2510, 5070, 6606, 7118, 7630, 5583, 3538, 2519, 5079, 472, 2008, 6105, 6618, 7643, 2013, 6621, 2526, 6110, 1508, 3050, 4078, 5616, 497, 1012, 5110, 2552, 3064, 7160, 2553, 4089, 7675, 1022, 2047, 3583, 6143
运行###4739, 5764, 7684, 773, 3079, 4488, 524, 6419, 7448, 3227, 7835, 2076, 2204, 4125, 542, 4384, 5280, 5921, 6049, 7202, 7331, 550, 552, 3370, 4267, 4141, 4401, 5041, 4915, 2871, 6456, 4026, 5443, 2628, 4168, 201, 329, 3401, 4941, 718, 1742, 719, 4432, 978, 7252, 5601, 3554, 3818, 5102, 2929, 630, 3063, 1274, 3071, 5887
电池容量###3203, 6531, 1285, 3334, 1160, 5384, 777, 3337, 650, 4618, 1547, 3083, 7819, 7820, 2702, 783, 1040, 5649, 2579, 792, 4632, 1305, 922, 2715, 5659, 1182, 3361, 1826, 3363, 1830, 1319, 808, 1709, 4909, 1839, 6831, 5556, 1845, 1591, 4028, 5567, 2112, 1475, 1476, 2629, 4677, 5445, 4678, 7238, 71, 74, 4555, 5452, 1229, 5197, 4686, 6990, 2769, 852, 6358, 5335, 7511, 8024, 5722, 2779, 6491, 1500, 3677, 3933, 1632, 5089, 2788, 3685, 5605, 230, 1127, 3687, 5992, 1130, 3690, 5098, 2155, 3692, 1135, 5746, 5494, 6264, 1017, 5882, 7162, 1276, 4094
反应###3266, 7554, 2504, 3976, 4168, 3275, 5323, 3276, 2513, 2641, 5329, 5333, 4761, 4953, 5210, 4763, 1948, 4958, 2463, 3104, 7008, 6690, 2660, 3238, 3943, 4009, 4074, 1963, 4907, 2927, 756, 2229, 3638, 7608, 2041, 2490, 4090, 2300, 7804, 2045, 3326, 4927
塑料###7360, 4289, 3842, 6917, 6600, 6475, 205, 1613, 5967, 6864, 6929, 6484, 6932, 1494, 6870, 1625, 5529, 481, 4513, 1314, 100, 677, 6054, 2535, 1578, 6506, 6890, 7402, 7915, 4013, 7853, 7343, 1584, 7536, 6193, 501, 6261, 1080, 5752, 6842, 5243, 6780, 7036, 4223
屏幕###5632, 4610, 5123, 5635, 5, 5126, 521, 7690, 6669, 5646, 4116, 5141, 6677, 7701, 1558, 4631, 6168, 7706, 6684, 3102, 4638, 6686, 6175, 6688, 1057, 1569, 7713, 1059, 5672, 5163, 6699, 556, 2093, 558, 2095, 6703, 560, 561, 7217, 4659, 3125, 6198, 3639, 59, 3131, 6715, 7743, 6720, 1089, 2632, 7240, 6734, 3151, 3153, 4178, 6227, 7253, 7255, 3160, 5720, 3161, 7262, 3167, 4191, 3680, 4705, 2658, 4706, 612, 6244, 1126, 5734, 2152, 1129, 5739, 1133, 1134, 1135, 5747, 3701, 5238, 7286, 5751, 2170, 4732, 7294, 4735, 6273, 6785, 5762, 3715, 6788, 3724, 2189, 2701, 7309, 5264, 6288, 2193, 7313, 7827, 153, 6297, 6298, 5277, 670, 1182, 672, 3234, 6306, 2211, 4259, 7334, 2727, 5800, 2220, 1197, 3757, 174, 1710, 6834, 2227, 2740, 4794, 7354, 2747, 5307, 7357, 7358, 5311, 3264, 4290, 4292, 2248, 6346, 2763, 6863, 2260, 6871, 2777, 1754, 5338, 5339, 6364, 734, 5342, 3296, 6880, 4834, 4325, 5861, 6885, 7398, 5863, 6890, 6892, 6382, 2800, 4336, 1266, 4853, 251, 3324, 6396, 6908, 256, 4354, 5890, 263, 6923, 1293, 5389, 7949, 2830, 7438, 6932, 5910, 7961, 794, 1821, 6941, 1825, 4385, 6434, 292, 7974, 1831, 7463, 2344, 3880, 1321, 4908, 5421, 814, 1327, 5423, 5935, 7472, 5425, 818, 6962, 5943, 6455, 7991, 5947, 2366, 2878, 2882, 8006, 5963, 5452, 2893, 2382, 8014, 8015, 1875, 6485, 6486, 344, 4952, 6489, 7515, 7005, 1376, 2912, 3937, 2403, 7013, 2924, 1903, 1392, 369, 882, 7026, 4979, 887, 888, 1916, 8060, 6013, 8063, 4992, 6018, 2953, 3977, 7564, 2446, 5522, 5524, 2453, 4501, 3991, 6552, 1435, 6557, 1438, 1951, 1440, 6048, 417, 929, 7076, 5030, 5545, 4522, 7085, 2991, 6064, 3506, 5043, 5555, 7091, 948, 3511, 7607, 5048, 5563, 1473, 6081, 2505, 5579, 1484, 4045, 5069, 3022, 4046, 4048, 2513, 7121, 7633, 2514, 6101, 3030, 5590, 472, 1498, 6618, 5597, 3550, 4064, 7648, 4577, 6626, 2020, 5094, 489, 7659, 492, 1004, 4077, 6126, 496, 4080, 3570, 7158, 2554, 5627, 7164, 6655
细节###516, 2756, 6504, 6920, 8072, 6089, 4269, 7469, 4209, 308, 2068, 504, 2296, 1853, 6269
尺寸###2048, 8048, 436, 4132, 6278, 6871, 3656, 3530, 6618
软件###2432, 2050, 5765, 5768, 7816, 6539, 527, 7696, 2961, 6417, 2066, 5399, 1816, 5400, 4121, 1818, 5402, 2075, 4123, 3868, 542, 7583, 2080, 7200, 3617, 1958, 2343, 2224, 4144, 7600, 818, 7602, 5821, 702, 4414, 703, 7107, 3524, 327, 711, 3655, 7112, 7369, 458, 718, 719, 4432, 4049, 4181, 4188, 6236, 5214, 866, 3298, 3300, 5220, 1766, 487, 4839, 238, 6254, 6639, 6000, 6386, 3067, 4095
速度###2946, 7170, 5891, 5511, 776, 4105, 6282, 7179, 1935, 7958, 3863, 3866, 2463, 7583, 2208, 6690, 2212, 1190, 1707, 4523, 5035, 4780, 45, 3245, 2863, 2609, 4787, 52, 2229, 2490, 443, 2240, 4928, 1733, 4039, 6215, 7239, 1736, 2504, 1737, 7369, 3147, 2512, 465, 5844, 6228, 85, 86, 4823, 6233, 6873, 5338, 859, 3420, 734, 7007, 5601, 4578, 2660, 5348, 3814, 6760, 7016, 6761, 106, 1898, 3818, 4972, 7532, 622, 1777, 7026, 756, 5495, 633, 2681, 635, 2300, 2940, 2045
进步###5121, 2019, 4243, 2980, 6868, 4101, 1896, 5593, 2782, 7326, 79
内存###2049, 6401, 1410, 5123, 5893, 3719, 2827, 5515, 6155, 3852, 6415, 3344, 4880, 5265, 7698, 1813, 1814, 1303, 1815, 4120, 5528, 7064, 1817, 4122, 7835, 6813, 7198, 7072, 4769, 3619, 3109, 6694, 2600, 2217, 7337, 554, 2090, 2602, 299, 1323, 3759, 5808, 5041, 691, 5940, 6325, 1975, 4919, 2872, 5560, 4665, 4922, 3647, 5951, 4417, 5953, 1859, 4676, 325, 5957, 7112, 7630, 4431, 1488, 2768, 6096, 1490, 2002, 5586, 7123, 4182, 4183, 8023, 985, 5594, 1883, 6236, 477, 1629, 479, 4704, 2531, 5091, 4708, 7908, 3046, 1900, 2156, 7532, 4206, 1649, 4465, 3062, 3830, 631
处理器###5123, 6659, 4230, 3465, 1804, 7821, 8077, 7310, 7567, 5648, 5142, 6166, 6552, 923, 6683, 4510, 543, 6305, 6693, 3495, 172, 3758, 6318, 5040, 690, 3122, 2228, 4155, 5563, 5575, 5705, 7497, 6987, 4044, 7503, 4049, 1874, 4820, 6996, 1367, 4439, 5209, 7001, 6109, 3807, 2528, 3169, 2659, 3044, 2664, 4200, 874, 1642, 1140, 1396, 631, 5498, 251, 6013, 4991
按压指纹###6929, 4434, 5140, 5573, 872, 1144, 170, 3245, 5709
外形###6016, 6528, 6467, 2381, 8078, 7953, 6548, 2263, 6616, 5338, 6555, 7646, 4257, 227, 4259, 5029, 5989, 4327, 2984, 7656, 810, 5100, 5937, 7923, 247, 1655, 5752, 6009, 6905, 4986, 7930, 5499, 637, 254, 3006
屏幕显示###3460, 5444, 6, 1542, 7174, 200, 6216, 4682, 5004, 5645, 6223, 913, 853, 5207, 6171, 7131, 5084, 7580, 2462, 7456, 7522, 6758, 3819, 6319, 7023, 7151, 7409, 370, 2354, 7604, 6904, 1658
充电###1024, 6658, 1287, 1799, 5895, 776, 5896, 1033, 1034, 1803, 4876, 3597, 1038, 7694, 6422, 5914, 7964, 3359, 6947, 548, 5924, 7205, 4137, 3883, 6955, 3884, 45, 2605, 4910, 47, 2863, 4656, 3121, 6961, 55, 3127, 4923, 4925, 5183, 5184, 1089, 1090, 835, 5955, 2373, 2118, 2120, 3656, 3145, 2379, 332, 4172, 845, 4173, 5457, 5713, 5714, 2388, 2389, 5973, 5974, 5719, 4444, 4956, 4445, 2400, 2661, 7782, 3177, 2668, 4975, 6512, 1905, 3441, 6513, 2164, 6004, 6005, 5495, 4216, 634, 123, 635, 7803, 1149, 2173, 3197, 1150, 3198, 6017, 7042, 5763, 7043, 2949, 2182, 4488, 905, 7818, 140, 4493, 7822, 6543, 6544, 7057, 3476, 7319, 1179, 924, 3228, 6556, 3999, 160, 4000, 7586, 2467, 3235, 7075, 2981, 7590, 423, 4780, 4782, 8112, 8113, 1971, 693, 2741, 4790, 4024, 7612, 5566, 1471, 3519, 3522, 7106, 5065, 7373, 5582, 5327, 5072, 211, 212, 1492, 7125, 4055, 7386, 3292, 479, 2527, 7650, 5348, 4581, 5861, 5862, 5095, 4329, 7402, 2796, 2798, 6894, 2800, 242, 243, 2804, 1781, 6136, 2809, 7161, 255, 767
音质###2832, 4800, 65, 8097, 4166, 6185, 682, 1068, 2748, 3261, 5517, 6141
指纹识别###3136, 4227, 7747, 2183, 7372, 7061, 4503, 4056, 7769, 4954, 156, 2204, 862, 7585, 3618, 1765, 3173, 7909, 2342, 4518, 4199, 3881, 6830, 5368, 6137, 4411
硬件###897, 1281, 3655, 4553, 6159, 2320, 8018, 6931, 4372, 2261, 3096, 795, 7266, 3111, 6696, 938, 2154, 2474, 3756, 5100, 2221, 5104, 4529, 2290, 6646, 887, 7479, 888, 3449, 5562, 891, 6395, 2431, 3071, 4479
声音###64, 4801, 66, 2754, 4003, 8099, 644, 390, 681, 2253, 2834, 26, 6234, 1661, 1087, 4799
摄像头###1539, 1284, 5124, 6408, 5129, 779, 4877, 1295, 785, 1043, 7443, 7191, 3608, 1307, 3612, 2590, 5151, 6692, 7460, 4901, 6438, 6697, 4652, 2861, 3886, 3375, 305, 306, 563, 2355, 3124, 4660, 4405, 7221, 567, 569, 571, 572, 573, 318, 4158, 2111, 6719, 7487, 6722, 1603, 7492, 7748, 1605, 3653, 839, 6984, 2890, 6730, 8011, 6989, 5710, 1617, 2897, 5715, 2135, 3671, 2136, 2137, 2138, 2139, 3675, 348, 3676, 2143, 5473, 2914, 3683, 7267, 1636, 3684, 1382, 616, 3688, 4201, 3690, 7018, 4460, 3182, 879, 3695, 2160, 4464, 5232, 6000, 7030, 889, 1145, 894, 1151, 4482, 2691, 4995, 5508, 2694, 7558, 4487, 2696, 6024, 1930, 6539, 2700, 5516, 1933, 6797, 910, 143, 2447, 4241, 7058, 7570, 5523, 3736, 4505, 3486, 5023, 1953, 7587, 2729, 6315, 5036, 1198, 175, 3759, 4274, 7090, 3771, 2241, 4291, 6595, 6085, 1480, 1227, 6861, 976, 5328, 5584, 5073, 4051, 6867, 2007, 5849, 6107, 6619, 4317, 480, 3553, 4065, 6369, 4069, 5606, 5352, 2537, 6892, 238, 1264, 2545, 2801, 6645, 5366, 5881, 4605, 6142, 7678
屏幕分辨率###774, 5574, 6727, 6798, 7182, 6994, 7442, 851, 5267, 4436, 3989, 3354, 2145, 3043, 3494, 873, 2153, 6313, 171, 2092, 6124, 557, 4784, 49, 7476
屏幕大小###4912, 3329, 4257, 4259, 4997, 7318, 6921, 4779, 7419, 44, 3822
价钱###6256, 7616, 7122, 6819, 517, 949, 2901, 4153, 6281, 3146, 7034, 4703
缝隙###5152, 3969, 7011, 2244, 4004, 4584, 2985, 2858, 3114, 7946, 3115, 5291, 4588, 5043, 4598, 6198, 1850, 4507, 1948, 4508, 6365, 670, 1854
界面###833, 196, 1959, 5768, 1065, 2954, 619, 4684, 110, 111, 6322, 4980, 5396, 2455, 2457, 1211, 4795, 60, 5884
外观设计###6592, 6944, 4930, 5218, 678, 7270, 6919, 2895, 7728, 7153, 2163, 2451, 3347, 6323, 4372, 6036, 7444, 5653, 7509, 855, 2776, 1498, 5756, 3069
品牌###1696, 1987, 2245, 2150, 5478, 714, 1675, 3501, 6638, 1007, 1104, 1105, 6033, 1683, 2100, 1561, 732, 1052, 5020, 4285, 1406, 4287
分辨率###1543, 6407, 1608, 4040, 5897, 525, 846, 5648, 7633, 914, 2390, 7190, 2906, 5339, 6043, 7132, 3549, 8030, 6303, 544, 5860, 613, 4261, 4134, 4264, 2410, 5674, 6891, 4397, 560, 1264, 2096, 2865, 6897, 3506, 7283, 2484, 886, 4726, 2105, 2297, 5882, 5691, 317, 4733, 7294, 6655
技术###6017, 1287, 1288, 7368, 4556, 7373, 4238, 7054, 7057, 7249, 2706, 1557, 1621, 5719, 7386, 156, 6556, 4253, 223, 7648, 5985, 4900, 6314, 1003, 4591, 818, 4210, 4469, 1911, 4282, 6524, 255
色彩###3120, 7428, 4437, 4806, 6886, 7190, 7526, 1959, 6407, 2106, 317, 5390
玻璃###7298, 387, 6787, 7939, 4228, 6660, 5512, 7563, 1420, 7182, 273, 23, 535, 2330, 2970, 2587, 2971, 4380, 414, 1314, 7588, 1317, 6183, 424, 6312, 6953, 5035, 1966, 2734, 5038, 5938, 6194, 5941, 3129, 3513, 4281, 4410, 6462, 6593, 2242, 6082, 7362, 7490, 4804, 837, 6599, 204, 6476, 6349, 1614, 5966, 7510, 6743, 2010, 3674, 3931, 3164, 5468, 7134, 479, 608, 4448, 7136, 3042, 101, 1509, 7782, 1640, 6505, 7145, 7914, 2799, 4463, 7537, 6258, 6900, 4341, 502, 3191, 7415, 5499, 7035, 6268, 5117, 6781, 4478
价格###2566, 7687, 1548, 7181, 1039, 6673, 3091, 1046, 3609, 5145, 3098, 3611, 4635, 5147, 6173, 5150, 4642, 5667, 6691, 5158, 7720, 6697, 5681, 4146, 7730, 5171, 6196, 6708, 2101, 6709, 5176, 6712, 4671, 6208, 2114, 4675, 6724, 4677, 4678, 7238, 2119, 2634, 7246, 7758, 2639, 7759, 4688, 6224, 2645, 5205, 4184, 5212, 3678, 1119, 1631, 96, 1122, 7783, 1128, 4713, 1131, 7790, 1137, 3697, 2167, 2680, 7288, 5753, 2682, 6779, 2686, 5252, 4741, 136, 4234, 3726, 5265, 5266, 2199, 1688, 1184, 7329, 6307, 1189, 1701, 5797, 7333, 5798, 3751, 6311, 2731, 1708, 7340, 7857, 6332, 2239, 5315, 7880, 1738, 3794, 6866, 1747, 2771, 6355, 1751, 3288, 4830, 6878, 3296, 7395, 6889, 746, 4335, 2801, 7411, 1271, 2807, 6393, 6394, 1787, 6907, 7422, 6913, 7425, 5902, 6927, 3858, 3348, 3349, 5912, 1819, 1309, 1822, 1823, 2335, 2337, 6945, 2346, 1837, 3374, 6963, 6457, 6463, 6471, 7495, 5961, 6474, 7499, 1868, 4940, 3405, 5454, 8016, 4947, 7518, 1894, 5479, 5482, 8042, 8044, 1902, 1912, 7033, 4994, 4485, 8069, 4486, 7560, 7562, 6028, 6030, 1423, 1424, 1936, 5009, 2963, 1429, 2459, 5531, 8094, 5535, 2464, 6053, 6056, 5547, 4524, 6060, 8108, 2990, 7598, 7087, 5554, 6067, 2486, 7094, 6073, 6587, 4029, 6591, 5056, 5568, 7619, 6597, 7622, 2508, 6608, 5078, 6102, 2520, 4571, 4572, 5596, 478, 2016, 5601, 2530, 7139, 7141, 3559, 3049, 7146, 5614, 1520, 1521, 2549, 4597, 7672, 6651, 1020, 1533, 1535, 7167
续航能力###6465, 6529, 1538, 6341, 5446, 72, 202, 5195, 909, 398, 7246, 3601, 4882, 918, 920, 5144, 2780, 4060, 6685, 7649, 34, 291, 3363, 228, 2532, 3876, 5990, 6631, 1320, 3368, 3496, 809, 7401, 6187, 3054, 7406, 3378, 7539, 7924, 3253, 4279, 7287, 3000, 8061, 4926
照片###6817, 4164, 267, 108, 3052, 6738, 947, 4438, 568, 5401, 5561, 3355, 5404, 5405
能力###7168, 4170, 5067, 6477, 6350, 7630, 6224, 1939, 2260, 3604, 6614, 4955, 6875, 3420, 5148, 7260, 2273, 2215, 6759, 4010, 6381, 7154, 692, 7988, 4981, 6389, 2301, 6205
屏幕色彩###7523, 1125, 2069, 6181, 854, 6086, 5850, 1739, 5228, 1181, 1950
功能###769, 4869, 1031, 2567, 4619, 6926, 4369, 20, 6932, 21, 789, 790, 2838, 3607, 7960, 4126, 4127, 4383, 5407, 3362, 5922, 3882, 6956, 6957, 564, 5428, 566, 7993, 7996, 1857, 5441, 835, 6723, 4165, 8009, 3403, 4172, 7244, 4174, 4687, 5199, 857, 92, 860, 1117, 2400, 7265, 7268, 2661, 2662, 2664, 3176, 3177, 5481, 1898, 5994, 2667, 1132, 7276, 3448, 1657, 5755, 384, 385, 3714, 3716, 2181, 6533, 4743, 6791, 907, 1679, 1682, 413, 159, 1695, 7586, 5289, 5290, 7338, 6317, 5809, 5810, 1460, 1972, 1205, 1461, 694, 1718, 4278, 1207, 2999, 3767, 7096, 4537, 3770, 6586, 699, 1981, 3517, 6589, 192, 450, 1220, 1988, 5317, 6087, 5835, 5836, 718, 4052, 7638, 3287, 728, 4057, 7129, 2524, 478, 2527, 5600, 232, 1515, 492, 2800, 2036, 3574, 1527, 3321, 3578, 3323, 4092, 2557, 1791, 6911
质量###1728, 2816, 322, 4164, 3014, 4936, 2250, 6412, 3408, 3413, 3733, 2646, 4310, 7898, 1051, 7195, 668, 3420, 669, 4256, 674, 3236, 742, 7339, 3637, 1719, 2042
系统优化###7137, 2019, 4068, 3047, 2216, 4365, 4335, 7696, 7697, 3219, 7700, 4246, 3709, 6910
性能###0, 6144, 1282, 7938, 6659, 5636, 3077, 6662, 775, 1544, 2059, 781, 2061, 6925, 7437, 4624, 2577, 6161, 275, 3347, 5139, 5907, 6167, 3096, 4890, 543, 5919, 5921, 6178, 803, 3365, 38, 2854, 39, 6696, 3113, 6442, 812, 7724, 7727, 2352, 6960, 2099, 6201, 7225, 4156, 8000, 5697, 4676, 6212, 6983, 4680, 5192, 5194, 5962, 7243, 7756, 4941, 5455, 82, 3928, 1369, 6745, 6747, 5724, 4701, 4957, 5982, 352, 5984, 6497, 1890, 6754, 2659, 5733, 2663, 7529, 5738, 6763, 364, 4716, 5229, 1390, 114, 1394, 5493, 7029, 6007, 7543, 6521, 6523, 2684, 4988, 3965, 5501, 5757, 7552, 2689, 4481, 4996, 6021, 1926, 4486, 1416, 8074, 7051, 7053, 8077, 7568, 7825, 402, 6546, 403, 915, 8088, 2713, 5530, 927, 4257, 2723, 4259, 6308, 165, 6823, 6059, 2228, 4277, 5558, 2232, 1978, 6074, 4539, 5054, 3520, 6080, 7621, 1991, 6855, 1738, 3532, 6860, 7116, 6093, 6607, 7637, 4568, 2523, 220, 1757, 5085, 5341, 7645, 222, 990, 5086, 483, 3815, 5096, 6376, 6125, 7150, 1263, 6641, 2803, 4595, 245, 7928, 1530, 1532
价位###2338, 2722, 6882, 3332, 6884, 3397, 6567, 1832, 7176, 6633, 2987, 3693, 849, 7377, 7858, 4949, 2614, 663, 6903, 2840, 4601, 698, 3963, 5661
机身###2368, 7360, 2436, 6660, 6918, 7559, 2440, 2632, 6664, 5897, 587, 5387, 782, 1614, 1041, 8081, 535, 1623, 8024, 349, 4386, 1891, 6117, 678, 5286, 6054, 6439, 6890, 6384, 6129, 5682, 1651, 2867, 5683, 6325, 7222, 4728, 186, 892, 6268, 6780, 3519
边框###1920, 1158, 3338, 7946, 8076, 4239, 5268, 1494, 2649, 4507, 1948, 6365, 670, 4575, 4896, 3041, 7143, 5291, 4464, 6193, 6132, 4598, 1464, 3004, 3135
容量###8032, 1026, 293, 615, 7210, 7626, 1035, 1005, 337, 1559, 2616, 1018, 6427, 893, 6749, 1470, 895, 6751
现象###7584, 2977, 4801, 66, 373, 3832, 9, 780, 5324, 7324, 5326
金属###4224, 6594, 7362, 7490, 7939, 2244, 837, 6918, 204, 5966, 7182, 273, 1041, 2707, 6870, 6743, 3164, 4702, 479, 608, 7136, 3041, 226, 1314, 1315, 5988, 101, 6054, 7143, 7400, 6505, 7402, 7914, 1579, 3499, 4463, 6704, 6706, 7922, 1589, 4469, 5499, 7035, 6268, 6781, 6462, 6527
信号###2122, 2831, 2385, 1876, 3924, 1878, 1880, 4824, 1881, 2393, 2395, 2204, 2396, 477, 2397, 7709, 1889, 5281, 4772, 623, 1647, 3631, 1648, 2032, 625, 3633, 2995, 3635, 1652, 2612, 2037, 1081, 3002, 4797, 62, 4670
工艺###4257, 7010, 804, 6693, 2470, 1192, 2057, 5033, 8041, 7567, 7347, 6135, 1368, 2233, 4027, 479, 2207
手感###3328, 6272, 259, 7299, 7683, 5766, 5383, 7431, 3084, 7565, 2446, 5904, 273, 3217, 3986, 1811, 4116, 7444, 534, 3353, 4889, 7452, 7582, 5026, 7074, 6179, 805, 2726, 4392, 6952, 7848, 5801, 5418, 2604, 5937, 1842, 4402, 5427, 4020, 4916, 6326, 2615, 825, 2234, 7485, 4802, 67, 7363, 4932, 7877, 7882, 1614, 3406, 2511, 977, 6743, 2905, 3419, 5341, 6110, 5344, 4067, 3940, 6116, 3814, 7782, 7657, 5226, 495, 1263, 7023, 6898, 6771, 2805, 502, 2810, 4474, 4859, 6268
做工###2368, 1665, 4802, 67, 3653, 4421, 4681, 8080, 7378, 531, 668, 1948, 6877, 3934, 6755, 4964, 805, 5157, 7655, 7784, 4969, 7658, 6252, 689, 6327, 7032, 2234, 1852, 3966, 5055, 6335, 6399, 7551
科技###770, 2371, 1892, 2917, 7782, 2247, 6120, 7434, 5227, 5264, 5426, 3193, 4699, 2556, 5117
画质###7056, 225, 5987, 2296, 6059, 1918, 6302, 6526, 7502
显示效果###3168, 6689, 738, 1058, 6786, 4999, 7400, 4009, 4075, 6347, 6924, 5391, 656, 8021, 5815, 5049, 7516, 2911
电池###4608, 6657, 1026, 4613, 7686, 7175, 1546, 6154, 1035, 6667, 1036, 7693, 3086, 6670, 2578, 4114, 7700, 1559, 1049, 4634, 3613, 1567, 3108, 37, 2599, 7208, 7722, 7211, 5676, 3629, 4653, 4654, 4143, 1075, 4660, 2616, 4666, 7738, 5693, 6205, 7230, 6207, 3650, 6210, 69, 7749, 7238, 2633, 78, 2638, 3662, 5711, 5201, 595, 4691, 597, 4694, 1111, 1112, 3672, 4696, 1626, 1115, 5211, 5723, 6748, 1629, 6237, 2144, 4192, 4704, 4707, 615, 5735, 7783, 6248, 2666, 7788, 4205, 5741, 1134, 4720, 3697, 1650, 3698, 3702, 5751, 5240, 6265, 1147, 2683, 5244, 126, 7294, 129, 2690, 3204, 1669, 3718, 7304, 2185, 3209, 3723, 654, 6799, 7311, 2704, 2705, 6289, 7315, 3732, 3222, 1175, 667, 7323, 3228, 2717, 5789, 4768, 7332, 3237, 2728, 7853, 3246, 7854, 687, 2735, 5303, 2745, 3258, 7867, 3263, 6847, 6849, 6850, 4296, 6344, 1225, 1737, 4297, 6345, 2764, 3789, 2772, 725, 1749, 3797, 4310, 6871, 5848, 4826, 4827, 4316, 3805, 1248, 1760, 3809, 2786, 5858, 5859, 2789, 1254, 2790, 5351, 5863, 7911, 1256, 4328, 7401, 234, 4843, 4844, 6892, 5359, 5876, 3319, 249, 763, 764, 7420, 4861, 6397, 7933, 1280, 1792, 4352, 5889, 3845, 1286, 3344, 1301, 6425, 282, 4379, 6428, 798, 2847, 4387, 293, 4389, 1834, 5419, 2349, 1838, 6447, 7984, 3377, 3891, 2358, 2359, 7480, 2365, 5950, 6975, 2369, 5954, 5956, 838, 1862, 2886, 5960, 3404, 4428, 1357, 335, 2383, 6479, 1360, 338, 5458, 1880, 8027, 8031, 1889, 6498, 356, 1893, 3941, 2406, 2407, 4455, 3944, 4456, 7017, 5996, 877, 878, 8049, 2418, 3445, 5494, 8054, 3450, 3451, 6011, 893, 895, 1410, 901, 6535, 2441, 3465, 5514, 907, 3468, 5006, 2960, 401, 1942, 2966, 6550, 7574, 7063, 5528, 1433, 3994, 1437, 1438, 8097, 2466, 5541, 4519, 8103, 8104, 3497, 8107, 5548, 8108, 1965, 5551, 2992, 6579, 8116, 1974, 4023, 442, 5562, 2491, 7611, 2492, 1469, 446, 3008, 4034, 2500, 1477, 4549, 2502, 1993, 6602, 3019, 3020, 5580, 1998, 1487, 7119, 5585, 1491, 5075, 7124, 1493, 3029, 7126, 3031, 5594, 7642, 3035, 2012, 480, 3552, 6112, 5089, 2533, 5093, 3561, 1005, 3053, 7662, 3568, 3571, 7155, 7667, 6644, 3573, 1016, 1530, 1531, 2044, 4605, 5629
颜色###2563, 7875, 7972, 262, 6759, 6733, 2798, 5679, 4689, 7410, 3475, 1908, 4564, 4663, 312, 4728, 1531, 3165, 3166
大猩猩玻璃###3808, 178, 322, 578, 1316, 6981, 7365, 2214, 3466, 7195, 6412
运行内存###2081, 2083, 2052, 2085, 4167, 5576, 875, 4875, 173, 2894, 4879, 529, 2673, 4724, 6612, 1847, 2072, 5464, 2907, 2076, 733, 2079
电池续航###7168, 3331, 4102, 2447, 528, 1939, 3348, 3604, 5270, 5017, 2204, 5148, 7714, 547, 5925, 4393, 6825, 4010, 555, 4011, 5931, 5292, 692, 5944, 6717, 5064, 4170, 5067, 2892, 6348, 7630, 6224, 4306, 3412, 6614, 3417, 3545, 2011, 4955, 6875, 7260, 4959, 2273, 1639, 6764, 5486, 4079, 4847, 7154, 6389, 2301
系统###6400, 1281, 5892, 5893, 2310, 2311, 4360, 4361, 2314, 4875, 3852, 6925, 3344, 4368, 17, 1297, 3345, 19, 5395, 6419, 6931, 4886, 6678, 1047, 2327, 5655, 1816, 797, 2077, 3614, 7454, 4128, 801, 5153, 5922, 7202, 2084, 2087, 552, 1835, 6188, 1326, 4401, 3122, 4915, 4919, 828, 7746, 5443, 6468, 329, 6473, 7241, 7498, 5707, 4945, 3667, 3668, 6232, 857, 1628, 3420, 6236, 865, 3169, 866, 868, 4452, 870, 4711, 7271, 4202, 7274, 619, 4203, 4718, 6254, 111, 1649, 4466, 6770, 7282, 3700, 1142, 8057, 8058, 4475, 381, 383, 6783, 6784, 3201, 4227, 3463, 5256, 5005, 6800, 6807, 3481, 6813, 6821, 6822, 7591, 4777, 3500, 4268, 2222, 7600, 6321, 2226, 5811, 2230, 4025, 6329, 3521, 3267, 3523, 6340, 7110, 6087, 201, 5321, 5322, 2252, 7631, 2517, 4309, 3286, 473, 6361, 7129, 3293, 478, 5601, 5861, 5866, 4332, 7148, 5101, 5104, 2289, 3313, 3315, 4083, 4595, 6388, 2551, 3322, 5884, 3071
相机###3200, 4993, 775, 3464, 11, 3724, 3213, 1554, 7826, 6291, 7830, 7320, 7322, 539, 3355, 3357, 2846, 928, 2720, 2340, 940, 4783, 48, 4785, 50, 434, 4537, 68, 966, 7371, 2773, 2774, 3543, 858, 3930, 1763, 1124, 3045, 1000, 3176, 6760, 1641, 1769, 7534, 3828, 3574, 375, 2041, 891, 2171, 4477, 2046
运行速度###7233, 741, 7173, 4326, 359, 4295, 6794, 1707, 2955, 4620, 7405, 6450, 4150, 6966, 5080, 3993, 5210, 4891, 4796, 61, 6301
续航###7680, 2564, 4484, 4998, 5254, 6534, 778, 651, 2444, 7180, 655, 7823, 1040, 7312, 7569, 5650, 787, 6933, 6040, 793, 5273, 6553, 6042, 925, 6174, 3360, 545, 1442, 4258, 419, 7588, 7461, 2470, 680, 4136, 7336, 2857, 6953, 2986, 3626, 6954, 7466, 3885, 686, 1070, 7471, 5686, 6838, 2618, 5052, 6845, 7101, 5061, 6213, 4934, 6601, 4810, 6219, 4556, 5964, 7117, 1230, 847, 5200, 4818, 5334, 7383, 472, 5848, 7641, 6492, 1633, 7009, 2146, 6373, 7269, 4582, 233, 6249, 2666, 5995, 5487, 1904, 5233, 5106, 7417, 252, 6014
材质###5920, 4195, 7653, 1574, 1479, 7143, 6600, 6349, 782, 6126, 4304, 6864, 7954, 8018, 6484, 4469, 6485, 1623, 3191, 1502, 6655
游戏###2, 1282, 1796, 5893, 5899, 2188, 1040, 6162, 3347, 6420, 278, 7960, 3995, 7323, 7835, 7203, 1957, 3373, 3247, 5167, 7732, 6453, 2871, 2490, 5180, 3518, 2623, 2879, 4160, 6081, 2883, 7236, 69, 453, 1477, 3656, 3401, 330, 208, 4050, 5970, 5843, 982, 2908, 5085, 2271, 3554, 1379, 998, 362, 6509, 366, 7022, 7918, 2161, 2293, 2421, 118, 4214, 2295, 2298, 4862, 7039
待机###2432, 6050, 4744, 1834, 4876, 5549, 5166, 5550, 2703, 7446, 5816, 3291, 3547, 1501, 3997, 7101, 735
效果###1664, 6273, 4226, 1542, 7174, 4104, 5004, 5645, 6541, 913, 2833, 3347, 6679, 6296, 1947, 796, 4892, 2462, 6048, 7456, 802, 1317, 4517, 5030, 7464, 6186, 5420, 7086, 7472, 2354, 3890, 2355, 7604, 821, 4533, 6965, 2231, 5943, 4152, 3261, 2110, 5695, 5440, 6720, 1473, 7493, 200, 4682, 5066, 203, 2253, 2893, 5071, 6223, 7634, 851, 853, 472, 2266, 2267, 7131, 2525, 3165, 7522, 1252, 2020, 3172, 7398, 3819, 5228, 5230, 7151, 240, 4336, 6385, 6002, 3827, 7286, 3575, 6904, 1146, 4987, 3836
