整洁###[6974]
失望###[17275, 13166, 9486, 3055]
老###[20195, 2148, 21221, 5430, 2182, 11785, 21212]
恶心###[4344]
顺手###[9064]
清###[10516, 19012, 12454, 10393, 10907, 20143]
清晰###[770, 16932, 4326, 12359, 14855, 8137, 12651, 6572, 16464, 1520, 16498, 6580, 8502, 984, 9529, 17403, 11452, 11548, 15037, 20862]
脆###[8723, 9928, 5178]
实惠###[18186]
齐全###[21298, 12564, 17928, 17944]
小###[6785, 21121, 17544, 20617, 14858, 14475, 141, 16660, 7701, 14870, 12441, 27, 21533, 15391, 3746, 20258, 13350, 934, 13222, 9254, 13863, 4779, 16429, 815, 16687, 10799, 19252, 12084, 1081, 21051, 7483, 9020, 829, 13629, 13630, 5442, 17986, 16838, 4807, 20170, 4298, 9677, 18510, 7507, 8404, 20053, 10582, 11991, 13528, 19672, 15960, 10584, 16605, 15967, 7008, 4322, 19684, 4327, 5351, 1132, 14703, 11504, 369, 753, 1522, 18677, 18678, 19831, 1914, 10747, 7420, 3070]
丑###[17269, 3878, 5766, 6985, 7098, 13915, 21420, 17868, 16157, 6157, 12414]
古板###[19361]
少###[8768, 20338, 17826, 19315, 20646, 18926, 10430]
可用###[12245, 13036, 1021]
耐用###[10435, 1029, 14472, 17484, 5836, 16268, 7249, 11026, 21269, 12181, 13078, 2583, 18398, 544, 2400, 20577, 15073, 17250, 15842, 19751, 16936, 12648, 362, 811, 12651, 14253, 14510, 17199, 14064, 6002, 20019, 10611, 21363, 1524, 10933, 12022, 11513, 379, 13565, 13438]
不好###[9220, 2054, 2056, 19215, 4496, 19092, 1812, 16533, 18198, 14490, 922, 6304, 15650, 12453, 40, 10792, 7338, 5547, 12846, 6575, 15920, 4528, 10418, 10934, 2106, 9278, 19902, 16318, 10047, 1216, 1090, 7234, 5828, 12488, 12489, 1487, 13138, 9171, 13146, 8412, 10588, 16732, 10590, 4193, 10339, 12905, 491, 1772, 8047, 3184, 1776, 20593, 6386, 14578, 13171, 14842]
顺畅###[391]
多###[21254, 12296, 16589, 3149, 16399, 15, 591, 14227, 12824, 17560, 13784, 3353, 8286, 12062, 546, 6438, 9126, 7335, 11945, 12651, 15725, 16045, 8814, 1070, 10738, 15348, 9270, 20728, 7288, 9340, 10175]
相同###[14050, 15250]
扎实###[2274, 2398]
根本###[1196]
贴心###[19442, 17492]
真###[1155, 1060, 5, 21190, 935, 968, 16621, 12686, 10735, 16464, 6418, 4564, 12439, 1496, 6970, 10206, 958]
难看###[9520, 21472, 13872, 20642, 5747, 6984, 18105, 2218, 13323, 5436, 16158, 13855]
舒适###[3844, 14213, 14582, 11223, 6429, 12511, 9247]
结实###[3073, 11032, 5163, 3982]
好看###[12547, 12295, 4362, 2060, 17166, 12823, 18713, 8475, 16668, 17950, 9504, 15649, 13096, 9516, 11310, 20784, 12594, 21042, 17971, 13371, 16973, 846, 16471, 18526, 21086, 4703, 10851, 5475, 612, 15206, 1639, 20839, 18536, 20842, 9323, 8812, 4463, 17775, 1910, 5751, 20860, 5756, 17276, 4221, 10366, 1664, 20867, 7300, 21125, 7302, 18310, 7559, 14728, 18830, 21136, 17296, 16785, 20627, 8339, 7830, 18331, 15522, 11428, 17322, 16300, 18348, 13489, 691, 2742, 16310, 19901, 13504, 17603, 18884, 20936, 18888, 15313, 17618, 9429, 11222, 18903, 12760, 19673, 18653, 12770, 8422, 10985, 18413, 18157, 19949, 18160, 11249, 13810, 18164, 7415, 12543, 14335]
硬朗###[8213]
一般###[8672, 18659, 12869, 902, 137, 11817, 9614, 4526, 10126, 16143, 3928, 18875, 16830]
强大###[18177, 21250, 18370, 10629, 19845, 21137, 11473, 18770, 11286, 17497, 21021, 10208, 21539, 18789, 17511, 11368, 9002, 1962, 15404, 16620, 15724, 17773, 18414, 19567, 19004, 11388, 10044, 6463]
焦###[16134]
大###[9984, 5120, 20228, 18182, 17926, 18187, 20235, 17932, 19730, 274, 3860, 12565, 5911, 7449, 19228, 19741, 11811, 13860, 16681, 19242, 10539, 10542, 2862, 17710, 3376, 8754, 4146, 4919, 6200, 18744, 18745, 4665, 8250, 4923, 17211, 4413, 21062, 21576, 12617, 20811, 19788, 17484, 19795, 20307, 20308, 2646, 11862, 16726, 9559, 16986, 862, 11360, 13408, 9827, 16743, 4456, 11880, 3177, 20841, 8298, 17002, 5229, 20590, 14704, 19313, 14961, 3188, 20854, 12408, 13433, 6523, 13179, 19324, 11901, 7038, 3711, 16511, 5760, 21120, 129, 19842, 1411, 5507, 11651, 900, 16260, 21126, 17543, 12169, 15241, 4234, 20619, 5515, 5517, 16781, 20880, 20112, 16785, 16017, 2194, 20884, 10900, 18325, 13973, 20885, 16022, 20631, 408, 13466, 20890, 4512, 4513, 17826, 17314, 164, 20645, 9125, 20650, 15276, 5807, 20912, 9138, 20146, 17076, 20663, 12983, 18617, 12985, 4026, 17339, 19388, 6334, 17342, 1472, 14017, 1218, 1988, 8390, 1991, 200, 19146, 15562, 14283, 10955, 204, 12492, 14286, 13519, 20432, 7121, 20946, 14035, 14294, 14039, 7127, 7129, 20442, 11228, 4061, 21473, 17381, 18405, 9957, 19942, 6374, 20970, 15595, 10738, 11506, 18930, 20979, 3316, 11770]
简约###[10512, 20160]
流畅###[6912, 6272, 14976, 5505, 16770, 16642, 3331, 14723, 14979, 902, 16777, 14859, 3724, 16525, 19471, 4879, 15120, 12306, 16531, 19222, 12696, 16026, 13978, 7834, 20637, 4000, 10017, 16802, 17058, 10148, 4133, 21286, 11944, 6573, 21293, 14511, 11952, 5553, 13490, 1330, 6324, 6581, 6582, 12344, 12089, 12352, 1473, 7874, 10947, 16843, 12492, 12364, 10062, 7374, 14417, 13394, 16594, 8147, 19924, 12885, 5333, 7510, 17494, 1498, 987, 8284, 3037, 17246, 10593, 16609, 3683, 101, 15975, 14697, 15086, 10607, 367, 6768, 2417, 3569, 16497, 10738, 7410, 4339, 1908, 10359, 20856, 16120, 3324, 1534, 21246, 10622, 10623, 12927]
舒服###[12304, 14784, 21362, 4611, 7302, 2758]
粗糙###[17303, 8263]
类似###[378]
弱###[672, 2784, 12514, 643, 644, 10726, 12520, 6541, 814, 14638, 495, 5584, 14711, 16088, 11354, 6910]
低廉###[18753, 11183]
刺耳###[3788]
稳###[7158, 8190]
贵###[17089, 3010, 6403, 8525, 7192, 7640, 13977, 3739, 20827, 11804, 5725, 20064, 13346, 11362, 5474, 19622, 8422, 746, 18795, 12081, 8308, 17525, 12085, 16309, 14325, 5432, 20284, 7548]
正常###[6392, 14492]
艳丽###[16600]
强###[8192, 19488, 10513, 7431, 19431, 105]
耐久###[8913]
惊人###[3724]
一样###[7728, 5794, 19699, 2181, 7317, 11641, 11436, 7420]
厉害###[1715]
实在###[11085]
实用###[11409, 12449, 7507, 13141, 14665, 13019]
单一###[9842, 14120, 7689]
严重###[9520, 1606, 3353, 15391]
庞大###[10208, 10516]
重要###[20739, 20740, 3352, 17724, 20797]
假###[5115]
个别###[2257]
系统###[977, 4419]
低###[18560, 14529, 20961, 18049, 2338, 13506, 11266, 11170, 8867, 5160, 18312, 20681, 11819, 11211, 12588, 12399, 2194, 13234, 14010, 3226, 5434, 19004, 19871]
坏###[14448, 17856, 9072, 10273, 6195, 10472, 16186, 3756, 9183]
必要###[1250]
诡异###[3787]
真实###[2581]
沙哑###[12831]
清秀###[361]
出名###[8698]
坚硬###[5224]
可靠###[11087]
高大###[21465, 11258]
易爆###[6250]
普通###[17653, 17399]
多久###[8029]
慢###[3301, 8039, 16426, 17130, 15212, 16271, 15151, 10799, 8465, 10131, 5331, 6805, 4791, 3512, 16376, 15930, 7323, 9052, 15742, 5726, 15391]
偏远###[12049]
全###[8404, 10484, 9614, 17838, 11103]
持久###[10018]
硬###[16805, 18855]
实际###[8530]
公道###[19492, 13510, 19085]
容易###[17189, 10390, 10716, 15823]
佳###[12512, 11137, 12516, 8215, 14968, 13498, 16767]
平###[12496, 10836, 8581, 17974, 9430, 17211, 12747, 17454, 17183]
灵敏###[2907, 18365]
多余###[16127]
整###[18234]
灵###[9425, 4813, 8783]
轻薄###[12395]
大方###[6288, 14781, 9854]
基本###[4072]
细腻###[3970, 115, 2420, 263, 11564]
适中###[14919, 17803, 19484, 4174]
轻###[12742, 16999]
优美###[6322, 13609, 15757]
好###[20994, 15362, 9218, 514, 10246, 7686, 14345, 18443, 3597, 5648, 2576, 532, 21014, 7191, 1047, 18455, 18457, 5658, 21532, 15393, 18472, 10281, 8235, 1580, 3636, 13877, 3639, 57, 6718, 4161, 18499, 15940, 19012, 7238, 19015, 3655, 21063, 9288, 9802, 11339, 12878, 79, 13905, 9810, 20052, 16981, 15958, 87, 6231, 8792, 8280, 12379, 9820, 4189, 18525, 15454, 20578, 15459, 19044, 13924, 5734, 8295, 104, 8299, 15980, 8301, 1134, 21107, 11892, 629, 8310, 17014, 15480, 7801, 1146, 17018, 18561, 11905, 1665, 6276, 21125, 20106, 16010, 17040, 17041, 1170, 18070, 21143, 16535, 9368, 21145, 5274, 17562, 5275, 21150, 7840, 16544, 12962, 18594, 13474, 12965, 15528, 15016, 18093, 12461, 4270, 21167, 18608, 17585, 17586, 7347, 21172, 5302, 1207, 15032, 14520, 11448, 697, 18109, 8381, 21181, 5309, 11454, 17599, 12480, 19648, 11459, 5829, 13510, 18118, 15560, 19146, 2251, 18125, 14030, 20175, 18642, 14034, 14037, 9429, 11990, 16087, 20696, 15065, 20697, 17625, 16602, 6876, 6364, 20702, 2271, 5855, 15071, 7391, 8929, 15585, 19169, 740, 2276, 1774, 17134, 7410, 13557, 18678, 19702, 6390, 16118, 11000, 15097, 1787, 17660, 1277, 12030, 7934, 7935, 18175, 20737, 18178, 16645, 18185, 11017, 3851, 12556, 16655, 19727, 13583, 10513, 19219, 13588, 8980, 9493, 8985, 793, 794, 17180, 21277, 9502, 19744, 13089, 15139, 10538, 16683, 17197, 20782, 1329, 17204, 18230, 20790, 5942, 12089, 5946, 21309, 13129, 1354, 4939, 8011, 7499, 16203, 4940, 19279, 15184, 16208, 3409, 16722, 4947, 4948, 19797, 5973, 20312, 1370, 16219, 18268, 10588, 13150, 11102, 10080, 7010, 5474, 13155, 5990, 18791, 3431, 12648, 3434, 3948, 9070, 16238, 10607, 15215, 19311, 18801, 13170, 12659, 8052, 12149, 4981, 12150, 16246, 9079, 8056, 17273, 15740, 8060, 2941, 12672, 13697, 4995, 9092, 391, 12167, 3465, 394, 15243, 16781, 16782, 19855, 6543, 11664, 16274, 19347, 12180, 5014, 14230, 16795, 18843, 17820, 8095, 18337, 17313, 11170, 15779, 13220, 16293, 20902, 19368, 12201, 13739, 9133, 12208, 16306, 16822, 2998, 2486, 4022, 15799, 15801, 9147, 19388, 5564, 15805, 19390, 14782, 20416, 8641, 14787, 19908, 6084, 4551, 14796, 19922, 20948, 7126, 20438, 15319, 6104, 7641, 12761, 13274, 17371, 17884, 17885, 17374, 19426, 14309, 14310, 13290, 16874, 8684, 3568, 12785, 14329, 10235, 10748, 8700, 509, 12286]
异常###[11970]
白###[15775]
长###[18305, 1751, 15560, 8394, 17870]
圆滑###[3605]
成熟###[9653, 17847]
窄###[8672, 15072, 19168, 5378, 14723, 14179, 262, 3369, 4041, 9967, 4081, 20723, 2424, 20376, 13881, 5369, 12442, 13466, 11002, 13534, 4062]
薄###[16226, 9603, 13301, 9114, 20111]
出奇###[9613]
完美###[17669, 4999, 7736, 14104, 20603, 14091, 7741]
迟钝###[14769, 4945, 7793, 16232, 8780, 14812, 2335, 6303]
很小###[6328, 5994]
美###[9979]
碎###[10306, 930, 9558, 1415, 7879, 10328, 8040, 14409, 12601]
简洁###[6489]
差劲###[12595, 2132, 12661]
普遍###[18912, 6414]
喜人###[14227]
过硬###[8002, 11511]
丰富###[3930]
突出###[17956, 11012, 17095, 18183, 14121, 9292, 18128, 13906, 18002, 19794, 13746, 3986, 17908, 18837, 11413, 5239, 11326, 18046, 990]
不同###[11385]
暗###[17299, 696]
强悍###[2953, 19642]
麻烦###[19619]
厚###[19856, 14724, 19739, 18574, 4351]
卓越###[19425]
精美###[15764, 17846, 13784, 13242]
小心###[15884]
优秀###[4696]
红###[4643]
理想###[19528, 6123, 15387, 19389]
帅气###[14112]
妥###[9379]
不错###[16896, 2057, 2060, 7695, 21522, 13333, 13334, 17431, 9239, 16421, 5674, 16428, 14382, 10286, 10290, 9267, 15418, 11835, 19003, 8765, 11325, 6206, 11838, 18497, 7233, 11330, 5186, 14916, 14917, 13896, 6731, 81, 18513, 2644, 19029, 17493, 16982, 19543, 8792, 8285, 10855, 14443, 111, 7792, 118, 6777, 4741, 18055, 1159, 7312, 6289, 1170, 8343, 14489, 7329, 21153, 11429, 19113, 19115, 16044, 21165, 13997, 16557, 1201, 16562, 18613, 5303, 5304, 10937, 7358, 16576, 6337, 12483, 18121, 8909, 18637, 15567, 13008, 13012, 5332, 15573, 9429, 16601, 10970, 8924, 5341, 16093, 13023, 3295, 18144, 2273, 18145, 8420, 14564, 4837, 8933, 18150, 4840, 19691, 4844, 19182, 20719, 2290, 4342, 16630, 5885, 255, 6913, 17665, 11529, 266, 18191, 784, 20241, 7443, 6421, 21269, 7447, 7448, 16671, 8991, 15649, 18210, 18212, 9001, 1321, 20265, 13611, 2861, 20789, 9525, 8503, 10551, 5944, 12093, 6974, 18752, 15681, 21314, 10050, 5957, 4934, 10059, 16204, 17741, 17230, 19281, 11092, 14168, 18779, 12638, 3935, 4450, 3938, 18791, 6507, 4460, 17260, 16236, 12652, 17261, 21359, 10607, 20337, 10609, 3955, 4980, 9078, 16247, 21374, 10627, 8580, 13701, 1932, 11661, 2445, 11150, 7054, 15760, 16273, 16785, 14227, 12694, 20891, 17821, 11681, 16296, 1448, 15788, 15789, 17837, 15790, 5551, 15791, 12210, 18354, 4021, 5565, 12734, 11204, 8137, 18378, 11213, 19411, 20438, 15319, 15831, 17367, 8151, 19419, 7133, 18402, 5093, 1004, 11756, 8684, 20973, 2542, 17903, 16881, 6130, 5108, 10745, 11769, 1018, 21501, 17917, 14334]
不通###[938]
好使###[10513]
亮###[18033, 3874, 17142, 1095, 11948, 45]
新###[17959, 6231, 4329, 5610, 14779, 16156, 10109]
出色###[241, 17158, 17628, 8239]
显眼###[13509]
小巧###[17211]
足###[18872]
强劲###[16002, 21346, 8243, 13125]
便宜###[14160, 8691, 19749, 152, 13496]
不够###[19568, 10416, 17573, 10613, 18710, 20699, 16844, 7871]
敏感###[4530]
宽###[1575, 9880, 7115, 20076]
正经###[14372]
烂###[4594, 9608, 14361, 12057, 1979, 10606]
安逸###[8299]
模糊###[16035, 17299, 13645]
黄###[12466, 951]
精细###[16465, 6769, 902, 18536, 11006]
稳定###[576, 5792, 5794, 17317, 3079, 21288, 11434, 427, 17420, 13326, 17365, 8917, 10999, 3351, 1848, 668, 12124]
重###[12559]
黑###[1925, 16759, 15687, 1005, 15694]
棒###[15681, 11011, 18339, 6917, 17062, 6345, 6860, 16493, 145, 10609, 19891, 4211, 19259]
清爽###[17402]
不行###[8097, 9189, 3590, 3623, 9736, 9225, 1357, 14640, 369, 18546, 16915, 18196, 12853, 1430, 8311, 9784, 17080, 9240, 20857, 17530, 8090, 4476, 1757, 1182]
易碎###[14546, 12646, 18201, 15643, 9067, 18812, 15292, 20333, 7134]
高###[12545, 3330, 6918, 902, 17671, 18958, 16659, 13589, 2200, 2712, 2718, 4512, 1443, 14759, 6056, 12587, 4395, 11183, 16560, 11313, 13233, 12594, 7474, 12339, 11316, 5687, 11322, 5434, 16827, 19004, 16061, 17214, 21567, 12097, 4930, 13506, 12492, 18767, 19411, 4821, 19415, 13785, 18779, 16987, 20063, 15840, 18276, 10983, 19175, 14440, 13291, 16238, 5618, 13298, 10354, 19698, 11509, 17014, 15480, 2938, 20603, 20349, 5759, 6271, 17023]
突然###[15331]
简单###[13620, 1132]
特别###[16403, 15870]
远###[17301]
蓝###[6694]
新鲜###[3410]
漂亮###[10756, 20997, 2312, 19720, 19726, 3600, 10258, 21010, 16659, 18708, 21269, 18455, 20762, 6427, 12571, 18971, 9244, 15134, 17696, 10536, 20008, 7977, 17711, 10035, 18485, 12342, 19766, 16952, 13114, 14144, 15938, 12611, 19528, 20810, 11338, 21069, 11856, 7505, 1362, 9560, 21082, 9050, 9053, 14174, 7268, 16493, 3181, 16238, 20847, 113, 3188, 10358, 8314, 10362, 11898, 21115, 21371, 21117, 13437, 8063, 6273, 21382, 6539, 20875, 20881, 3218, 7827, 19865, 13978, 12443, 20636, 5788, 10657, 18338, 17059, 13219, 20644, 15015, 21164, 5806, 15279, 19382, 439, 18360, 9146, 12733, 14784, 13506, 1987, 11460, 19397, 13001, 13513, 4818, 11218, 19414, 12505, 15322, 11227, 17627, 16608, 16865, 14568, 18665, 11245, 5869, 8687, 240, 8689, 4338, 14581, 19449, 12027, 1019, 3324, 14334]
满###[16240, 4131, 681, 3961, 12427, 14639]
不赖###[7339, 9003]
优异###[20125]
脆弱###[15072, 20500, 12653]
松动###[2309]
快###[16641, 258, 3331, 8963, 1031, 18440, 13074, 14869, 20758, 16662, 7191, 16666, 21531, 8476, 16924, 9246, 9503, 17695, 11298, 16166, 15143, 12839, 6184, 4394, 8235, 9260, 12594, 3635, 12341, 19766, 13623, 16444, 573, 20030, 12606, 15679, 14915, 10821, 15685, 10310, 13131, 15180, 6988, 17484, 845, 6734, 1614, 16209, 16725, 16214, 9561, 9051, 14683, 16220, 21085, 9566, 7262, 9055, 13152, 10851, 18276, 3178, 16235, 17003, 20589, 9069, 109, 6253, 12910, 20848, 17776, 21361, 16246, 12152, 12153, 5755, 9339, 11389, 10622, 13439, 12928, 8064, 14211, 3972, 9092, 17033, 16266, 17293, 7828, 7830, 18583, 13208, 6810, 7834, 19866, 1442, 13475, 12201, 7339, 15278, 21166, 687, 12721, 15793, 15028, 2484, 5557, 6583, 15803, 15805, 7870, 15038, 15813, 21189, 1990, 15046, 15560, 6090, 11212, 17870, 14287, 18386, 14292, 9429, 20958, 13280, 15584, 10725, 21224, 19179, 18412, 17133, 17902, 2030, 6895, 16627, 11252, 16629, 7925, 12021, 11257, 17403, 12028, 20222]
短###[10851, 13325]
热###[16577, 17315, 10917, 8969, 10570, 19359]
差###[10240, 1026, 15364, 2565, 2566, 9223, 10251, 2059, 12300, 12813, 12301, 2574, 14868, 18453, 22, 2584, 2586, 12827, 1563, 12828, 7211, 7213, 10797, 20015, 15919, 7216, 1076, 14393, 7227, 7229, 2109, 9277, 15939, 8263, 15943, 7240, 20555, 15436, 7245, 10831, 16470, 3671, 2657, 12911, 6257, 6259, 10360, 3704, 21121, 14467, 7304, 1673, 11917, 9362, 5271, 5272, 19096, 5275, 3228, 14494, 4766, 7842, 16546, 15524, 8869, 4777, 12980, 15030, 4794, 699, 20667, 14011, 20159, 716, 11981, 5330, 723, 5853, 5854, 7904, 736, 737, 18658, 12524, 2798, 21234, 16115, 17651, 2292, 6389, 20727, 8951, 2298, 250, 2299, 7936, 1280, 12544, 2305, 10497, 2306, 13058, 10499, 12548, 12038, 1798, 4361, 10508, 5391, 12047, 12049, 12562, 3865, 5916, 1821, 2845, 1826, 8996, 8997, 1332, 12598, 1337, 20793, 12090, 15676, 15677, 5437, 17732, 2377, 3406, 9059, 8038, 10601, 10605, 12142, 7022, 16239, 8048, 12660, 13687, 9080, 8057, 17273, 8061, 10621, 8065, 10113, 8066, 8068, 14724, 395, 14732, 14733, 9614, 16271, 6545, 6546, 16275, 14740, 17301, 10649, 3995, 5019, 5532, 10654, 10656, 4001, 10658, 15267, 4004, 12712, 14761, 12713, 938, 9148, 10175, 7624, 12746, 3535, 10191, 12239, 10706, 10196, 14804, 5591, 10199, 10712, 14810, 9182, 9185, 5094, 17894, 14823, 17385, 12267, 12268, 1522, 3572, 9206, 3578, 8698, 3066, 3067]
合适###[10402, 21538, 7410, 6341, 21094, 18633, 13725]
均衡###[82, 83, 93]
厚道###[20149, 18335]
合理###[7520, 18979, 6372, 18404, 12101, 9926, 14599, 13735, 17930, 5706, 18283, 16301, 3182, 1135, 17520, 8721, 1144, 18009, 16249, 10618, 19454]
清楚###[1345, 3586, 1219, 14723]
诱人###[20666]
精致###[6832, 12338, 16452, 15765, 3288, 265, 6187, 8687, 17119, 9647]
美观###[11472, 6896, 18368, 15737]
一致###[9388]
良好###[4073, 2666, 6107]
确实###[9212, 495]
