虚伪###[4193, 6540]
老###[5748, 1461, 5077, 2310, 3239, 3511, 3256, 5193, 3818, 6796]
恶心###[4021, 3449]
失望###[5528, 6841, 892, 5135]
无知###[6463]
齐全###[5506]
小###[1409, 6533, 6790, 6406, 4487, 3335, 4999, 1417, 651, 1166, 2968, 2970, 4122, 284, 6942, 287, 2592, 3617, 6053, 1574, 5030, 2855, 295, 5544, 6441, 1449, 1706, 1707, 5678, 5295, 4532, 1077, 2616, 186, 6714, 2875, 2619, 1214, 1343, 1729, 1857, 5065, 2642, 1747, 2387, 1748, 2649, 2912, 609, 2661, 3438, 2928, 3697, 4984, 6394, 2556]
可气###[438]
丑###[5282, 4194, 3014, 6636, 6637, 7150, 6320, 6258, 5238, 5879, 5881, 2302, 2367, 4319, 6655]
少###[4353, 5666, 1654, 1447, 7000, 729, 7133]
关键###[6882]
易###[132]
难看###[5584, 6482, 1289, 5499, 365, 7007]
舒适###[3280, 621]
一般###[512, 3492, 1764, 3083, 5262, 5041, 726, 310, 6519, 4856, 2297, 3865, 6266, 2685]
硬朗###[6370]
流畅###[4224, 5635, 6405, 645, 1029, 518, 5645, 1555, 793, 2208, 3491, 4515, 4900, 6950, 6438, 935, 2984, 682, 5036, 4397, 4911, 2994, 1843, 5812, 2996, 4535, 4408, 5050, 3262, 4288, 5825, 962, 5316, 1991, 1608, 714, 4682, 4044, 5462, 727, 1113, 350, 5089, 3814, 3305, 6253, 3566, 624, 2292, 7029, 6901, 6903, 4093]
怪###[4951]
微小###[5377]
中肯###[2516, 2490, 2474, 2495]
盲目###[6152, 5020]
慎重###[6648, 6651]
巨大###[3420]
耐久###[94]
艳丽###[5399]
一样###[5201, 6210, 4772, 1205, 262, 4744, 2089, 6586, 4731, 924]
陌生###[2187]
愚蠢###[2278]
久###[306, 3572, 6069, 4903, 5768, 7081, 1679]
假###[418, 5981]
刺眼###[4740, 3961]
偏###[5764]
乐###[1426]
必要###[1302]
丑陋###[3611]
高尚###[5651]
真实###[5037]
晚###[4604]
多久###[3033]
无聊###[663]
有限###[1996]
硬###[5058, 3396, 2212, 1644, 7022, 1151]
艳###[3416]
穷###[5442, 2067]
基本###[1826, 7122, 3731, 6084, 116, 533, 6639]
悲惨###[2304]
适中###[3340]
壮实###[4403]
白###[497, 6595, 756, 5948]
圆滑###[849, 972]
成功###[4163, 1896]
窄###[976, 4964]
公平###[5214]
碎###[4878, 415]
差劲###[1056, 3326, 1055]
不像话###[2789]
强悍###[5505]
卓越###[738]
精美###[5690]
不错###[769, 707, 451, 837, 648, 5770, 2827, 4939, 973, 3598, 1743, 527, 6031, 2000, 5264, 4624, 2709, 4760, 89, 5339, 988, 2464, 3940, 3941, 1382, 2918, 6119, 5608, 106, 42, 684, 4973, 111, 48, 6834, 6900, 6902, 695, 759, 5816, 6972, 6973, 255]
优雅###[199]
固执###[2063]
亮###[4248]
平庸###[6115]
绝对###[2720, 3585, 2537]
强劲###[4110]
不够###[4432, 1170, 5042, 3702]
傻###[4035, 3076, 4808]
最新###[4723, 5739]
难###[3339, 5644]
严格###[627]
烂###[5026, 1886]
模糊###[6461]
自如###[857]
黑###[87, 6137, 3919, 3887]
棒###[913, 5243]
高###[3200, 3072, 4354, 5508, 6276, 901, 5765, 2951, 2312, 4360, 3209, 4745, 5261, 3854, 1168, 402, 5907, 406, 3863, 4377, 1947, 4379, 4637, 669, 544, 6820, 808, 4393, 5039, 5553, 1075, 948, 949, 5813, 1848, 1082, 6971, 6715, 4157, 4285, 1215, 5823, 6976, 705, 6979, 1223, 1609, 970, 1227, 971, 7117, 1614, 2766, 5328, 3408, 1233, 3282, 466, 3411, 1749, 728, 985, 5084, 5340, 5341, 351, 5983, 6499, 484, 3943, 6122, 7018, 4465, 113, 4851, 2676, 2294, 5752, 4216, 3833, 6010, 4219, 2175, 1023]
蓝###[4148, 5110, 2188]
新鲜###[3763]
满###[6257, 2978, 7148, 1149, 5294, 1246]
优异###[123]
脆弱###[4437, 633]
激动###[5388]
惨###[6757]
新颖###[4257, 252]
着急###[1477]
热###[5372]
蛮###[831]
合适###[3936, 5059, 5318, 103, 1674, 1583]
全面###[7063]
合理###[5062, 4634]
精致###[3429, 6937, 139, 5741, 4269]
疯狂###[2287]
良好###[1001]
头疼###[1507, 6668]
独特###[3592]
迟缓###[6913]
清晰###[1024, 2979, 6437, 2983, 6951, 6472, 683, 6030, 1526, 5464, 952, 6424, 863]
脆###[3239]
揪心###[184]
伤心###[6127]
耐用###[5187, 6629, 519, 5609, 6827, 335, 4849, 2100, 4436, 4437, 3894, 470, 2263, 953]
不好###[2961, 5169, 3410, 5171, 1107, 5460, 4521]
多###[6339, 2179, 2180, 1416, 4809, 5774, 4753, 3417, 730, 4187, 3613, 2974, 5091, 4391, 5863, 40, 3562, 5867, 4589, 3696, 2995, 3381, 2679, 120, 639]
真###[321, 2883, 5003, 2828, 4883, 341, 2838, 7062, 2839, 4567, 3288, 3353, 6941, 1629, 1054, 6562, 1188, 7076, 2345, 5100, 1007, 3951, 1073, 2993, 4211, 1524, 758, 3318, 6263, 3515, 7039]
安好###[1861]
生硬###[6793]
结实###[2322, 4922, 2863]
好看###[3872, 1571, 4388, 4677, 3782, 5928, 1705, 3211, 1196, 1292, 5969, 3281, 2611, 790, 3862, 6838, 5078, 5976, 2299, 6843]
焦###[2347]
强大###[2784, 3392, 614, 5225, 7146, 1134, 5170, 4050, 7031, 3705, 6587, 3707, 4795]
大###[1285, 2567, 520, 5640, 3338, 6935, 536, 3864, 6936, 4632, 3609, 1308, 2336, 4897, 2850, 804, 3369, 4137, 2857, 3372, 5168, 1074, 4916, 6708, 4919, 1081, 314, 2874, 4669, 320, 1344, 6721, 3137, 4675, 6981, 1353, 6985, 6217, 3658, 2896, 336, 3409, 4691, 2390, 3415, 344, 1625, 5210, 2397, 3167, 3426, 364, 2672, 2418, 4212, 5750, 2168, 4732, 4991, 3456, 128, 3459, 5253, 7045, 2950, 6792, 1418, 6795, 1680, 1424, 2448, 6037, 1178, 3742, 1183, 4255, 929, 2465, 5796, 2212, 5798, 2982, 6823, 6826, 7082, 6315, 4012, 5805, 433, 7094, 1210, 959, 4032, 961, 6851, 5831, 5321, 4298, 3278, 5582, 467, 468, 1236, 6106, 7130, 6877, 2782, 3807, 223, 4575, 991, 3040, 3304, 490, 6123, 7147, 4334, 5362, 1533]
笨###[1489]
简约###[1440]
方便###[2321, 162]
舒服###[850, 996, 4901, 6789, 5655]
头痛###[2637]
累###[3573, 5672, 570]
弱###[864]
低廉###[5421]
贵###[5891, 5256, 6538, 3471, 2960, 5266, 4884, 5908, 788, 2837, 4630, 2199, 5275, 2590, 5664, 3873, 5924, 2468, 6694, 3622, 4904, 5930, 2734, 6063, 5679, 2737, 2225, 5941, 2104, 1721, 4029, 4671, 6855, 3029, 5974, 1110, 1368, 90, 1370, 2271, 352, 4065, 1636, 5605, 6630, 2538, 2157, 2550, 1014, 631, 1783, 2425, 5241, 5754, 1405]
正常###[2048, 2049, 1830, 2028, 124]
强###[5445, 1174, 1180]
利落###[5049]
平均###[1907]
厉害###[1425, 1465]
直观###[247]
实用###[1842, 2663, 938, 1839]
单一###[1379]
单调###[1986]
狭隘###[5448]
重要###[1176, 3003, 2269, 4382]
吉利###[2215]
系统###[3555]
不足###[2151]
低###[5890, 3714, 2181, 5064, 6539, 2956, 7118, 5906, 6162, 6994, 4564, 4950, 4310, 5785, 2778, 4317, 5278, 5342, 4128, 4134, 6120, 2281, 3306, 939, 1199, 113, 3570, 1076, 3704, 2876, 1213, 1471]
坏###[2242, 1740, 2253]
诡异###[3668]
完全###[5479]
高大###[5763]
普通###[7127, 5737, 4522, 1130]
落后###[5350, 6761]
慢###[1602, 1541, 4133, 2295, 698, 1150, 6799]
沉默###[4790]
愤怒###[3838]
全###[3888, 6099, 6100, 7129, 1834, 4859, 2925, 1837, 7023]
圆润###[1681, 134, 620]
文明###[5137]
软###[4295]
容易###[164, 1566]
佳###[854, 718, 942, 5503]
轻薄###[848, 337, 2007, 4638]
细腻###[2864, 545, 7046, 3001, 44, 749]
轻###[369, 179, 1620, 7028, 5621, 2678, 391, 5671, 937]
优美###[6376, 1022]
好###[768, 5634, 6146, 5125, 4870, 6, 5894, 6920, 3336, 2568, 4109, 1295, 4623, 5904, 5138, 5909, 1559, 4119, 5912, 537, 1051, 4636, 542, 4126, 5152, 6689, 5667, 2340, 4389, 1318, 6183, 5932, 4909, 6445, 2094, 2350, 3631, 5680, 2353, 2612, 6202, 6203, 5181, 317, 1599, 1859, 4678, 72, 585, 6219, 1613, 5454, 3407, 5202, 6995, 3669, 342, 1366, 1112, 3928, 3929, 2651, 5467, 3931, 4959, 3169, 612, 363, 877, 5743, 7023, 113, 6005, 3701, 3192, 4473, 3194, 5244, 4735, 4736, 6785, 5762, 643, 6788, 5509, 1414, 3974, 134, 5510, 1415, 2696, 5768, 1932, 910, 398, 911, 1939, 404, 3988, 4501, 662, 1430, 2456, 2969, 5017, 670, 6305, 4769, 2210, 1442, 5795, 419, 5032, 6568, 2986, 1198, 1966, 5811, 951, 4023, 1982, 958, 6083, 4292, 4039, 967, 1993, 203, 1483, 4556, 6607, 3535, 3026, 213, 3544, 6105, 3804, 1757, 6109, 3296, 224, 6627, 997, 998, 5606, 230, 742, 5097, 6124, 2547, 1011, 4858, 5626, 1274, 1275, 4092, 5629, 4605, 1021, 253, 4349, 1789, 5375]
精良###[2293]
痛快###[860]
长###[1394, 4402, 5362, 51, 1348, 1399, 2120, 6808, 1468, 2125, 5807]
昂贵###[6358, 6844]
薄###[4320, 6498, 450, 5670, 678, 4583, 4873, 4332, 13, 6703, 7088, 6704, 4337, 4915, 5588, 4694, 5657, 2172, 5789, 1663]
不好过###[3759]
完美###[1585, 4131, 7093, 686]
美###[685]
简洁###[1844, 889]
过硬###[6143]
不同###[2626, 6340, 5830, 5111, 4810]
突出###[7089, 818, 403, 5637, 118, 679, 411, 6475, 4684, 2398, 1455, 703]
先进###[6647, 5195]
厚###[4135]
勉强###[6563]
爱面子###[2587]
优秀###[629, 934, 2423, 936, 2333]
理想###[1282, 4518, 3913]
弯曲###[5782, 6822, 1463]
新###[6913, 4069, 390, 5292, 1262, 1104, 3856, 4625, 1457, 6225, 7027, 308, 1268, 5845, 3574, 3607, 3739, 1469]
惊奇###[1635]
出色###[5683, 725, 2615, 3096, 623]
忠实###[7138]
便宜###[2673, 1283, 340, 6980, 2422, 4631, 4969, 4619]
冷###[2041, 6666]
可观###[414]
疼###[2992]
宽###[3564, 3647]
频繁###[2386]
密###[6645]
好玩###[264]
精细###[5090]
稳定###[4643, 6185]
野###[4993]
划算###[339, 4030]
近###[2247, 2236]
不行###[5248, 5381, 3144, 1257, 2618, 6970, 3227, 3135]
简单###[2753, 5158, 326, 2424, 2346, 4076, 5199]
远###[5563]
复杂###[4056, 2459]
漂亮###[258, 6403, 7030, 3355, 5035, 1020, 6446, 6974]
旧###[6913, 1321]
早###[4620, 1630]
快###[4992, 896, 6275, 1028, 7047, 647, 2695, 5259, 789, 4251, 5661, 6815, 6943, 1824, 5540, 4392, 6317, 1965, 3757, 4274, 1587, 6835, 3766, 5048, 4027, 4033, 2627, 1220, 5961, 7114, 5965, 207, 5970, 6228, 2008, 986, 2536, 1002, 4333, 6766, 496, 1904, 2417, 3698, 2166, 5242, 507, 5374, 1278]
短###[6643, 1563, 1564, 5260]
差###[1792, 708, 388, 6853, 3208, 523, 524, 780, 2957, 2446, 6481, 6483, 2772, 597, 6490, 1626, 1882, 4315, 5085, 2975, 3042, 1317, 3880, 2795, 4075, 6384, 2096, 3768, 6264, 2298, 4861]
矮###[5893]
深###[5461, 1133]
简捷###[6134]
美观###[3478, 719, 4463]
明显###[5293]
一致###[1204]
