整洁###[1223]
老###[800, 2529, 4898, 1635, 5255, 2760, 5257, 1323, 5099, 1068, 492, 337, 2034, 2482, 279, 4952, 2238, 766, 2303, 927]
失望###[3619, 4551, 2055, 872, 2056, 1898, 1775, 2191, 3856, 496, 2672, 2323, 3797, 1429, 3098, 2142, 1470, 2271, 255, 1791]
不灵###[841, 814]
清###[256, 1986, 243, 1957, 2472, 4524, 1037, 2079]
不良###[1736, 3646]
齐全###[4081, 4085, 5270, 2508]
小###[2049, 2051, 4, 5, 3333, 775, 2824, 3593, 4105, 2057, 2058, 269, 3600, 1042, 532, 1046, 1302, 1047, 281, 4377, 4378, 1564, 3100, 2078, 4895, 1825, 1569, 2593, 1313, 1570, 292, 36, 805, 2853, 3878, 1574, 295, 552, 2603, 1836, 812, 2606, 1327, 1844, 564, 2357, 54, 1084, 3644, 60, 1340, 573, 2110, 2878, 1860, 1605, 3146, 2379, 1100, 77, 1361, 3665, 339, 2390, 87, 344, 1624, 1372, 2911, 4452, 3942, 102, 359, 4712, 1384, 4713, 1641, 107, 1392, 5232, 1659, 636, 637, 639, 127, 129, 3201, 3203, 132, 5254, 3721, 2443, 140, 1679, 1937, 2449, 916, 3476, 661, 1941, 2967, 663, 3480, 1439, 2720, 1185, 929, 2724, 1700, 4774, 2982, 2470, 166, 1447, 169, 3498, 3499, 1197, 176, 5043, 4789, 438, 950, 2487, 1719, 951, 3000, 5306, 445, 5309, 2494, 1471, 1987, 3013, 1736, 2762, 5066, 970, 1739, 2253, 4048, 2256, 2257, 1746, 2258, 4310, 726, 3287, 727, 472, 3545, 4058, 2779, 3291, 476, 4829, 4579, 228, 2021, 2792, 491, 1519, 4080, 242, 1526, 248, 4857, 4859, 1020, 254, 255]
顺眼###[1835]
丑###[5285, 3527, 2921, 4201, 1001, 3852, 1228, 653, 1073, 2930, 4979, 1781, 1814, 4054, 2903, 2936, 2236, 2462, 863]
古板###[1188, 4602]
少###[3360, 3970, 3684, 5060, 4037, 1319, 872, 1609, 234, 3114, 4429, 1965, 4590, 4495, 1071, 497, 4946, 855, 3256, 1657]
关键###[3013, 205, 685]
阔###[110]
顺畅###[1508, 3670, 279, 41]
相同###[336, 2979]
通###[3360]
惊喜###[3216, 5202, 2701]
难看###[3809, 929, 5058, 2915, 644, 996, 3528, 2889, 1227, 1068, 5294, 3918, 3410, 2898, 1779, 4148, 344, 3707, 2716, 2909]
舒适###[2497, 2498, 1716, 3125, 3017, 1119]
明智###[256]
工整###[1212]
一般###[770, 3525, 3719, 2311, 4105, 2826, 11, 395, 1803, 2252, 206, 912, 4369, 659, 406, 4895, 1951, 162, 2596, 3753, 875, 1647, 1973, 3254, 1015, 4472, 126, 1919]
硬朗###[1482]
严###[27]
急###[311]
瘦###[4797]
奢华###[4986]
流畅###[256, 2049, 3201, 3842, 3717, 3846, 1159, 391, 2952, 2697, 1417, 10, 3722, 12, 1036, 5260, 2444, 5262, 910, 2447, 5137, 659, 660, 5268, 2453, 2069, 3734, 150, 535, 24, 3481, 3228, 1950, 1182, 3230, 3231, 3361, 3618, 35, 3109, 1573, 38, 295, 2600, 1321, 4650, 2347, 3627, 2348, 1325, 2094, 2610, 824, 1209, 2489, 3643, 699, 3646, 3519, 3264, 1985, 1477, 2629, 582, 1095, 967, 3273, 586, 4428, 2380, 1100, 3404, 3151, 3792, 3283, 1492, 213, 2005, 2645, 215, 2778, 2010, 2011, 486, 615, 3820, 238, 625, 2545, 244, 3705, 3322, 1019, 126]
怪###[368]
长远###[826]
慎重###[1034]
稳###[1481, 1261]
巨大###[1342]
急促###[3868]
谨慎###[2265, 1611, 2716]
艳丽###[2048, 2665, 3643]
耐久###[1635]
一样###[2465, 4866, 675, 2410, 2219, 76, 1327, 847, 1584, 4721, 882, 20, 2036, 5209, 4059, 766, 2527]
严重###[2689, 1091, 1155, 1988, 3333, 3077, 3272, 3336, 3274, 5002, 5066, 76, 3405, 14, 3794, 339, 1940, 4244, 854, 1047, 87, 27, 2716, 1758, 95, 544, 3362, 2018, 2085, 2091, 364, 430, 2799, 4847, 3184, 561, 1779, 1332, 1012, 3828, 3317, 2492, 3389, 1342, 1406, 1599]
最低###[18, 985]
庞大###[1927]
平衡###[2545, 1752]
久###[5233, 178, 1720, 233, 3177, 5163, 749, 1246]
清新###[540]
假###[870, 4919, 3529, 217, 1020, 5311]
乐###[285]
必要###[198, 1502]
真实###[98, 1957, 606, 430]
得意###[254]
烦躁###[3465]
清秀###[35]
遗憾###[64, 4609, 4084, 3653, 4887, 4651]
虚###[3525]
秀气###[2068]
易爆###[1091]
知足###[823]
洋气###[1470]
有限###[882]
火###[361]
客观###[539]
硬###[4465, 3717, 3254, 2521, 2044]
实际###[1560]
公道###[4656, 4544, 1411, 1005, 2783]
谐和###[4545]
彻底###[1096]
逼真###[2494]
平###[2753, 2562, 4099, 4295, 4620, 4493, 2960, 2064, 3985, 3991, 2840, 856, 1048, 2266, 1435, 5278, 1567, 1760, 357, 4134, 2728, 3820, 4589, 2801, 883, 4020, 4534, 3835, 60, 1213, 2493, 703]
艳###[673, 1573, 54]
灵###[4051, 1756]
仔细###[1711]
基本###[497, 513, 690, 1332, 488, 1625, 698, 269, 2063, 1087]
适中###[705, 739, 535, 4025, 2077, 4653, 2989, 2222, 5279, 2991]
白###[4186, 314, 3423]
广###[715, 526]
圆滑###[589]
太平###[3815]
成功###[1214]
窄###[3013, 4358, 2119, 393, 4557, 2126, 3151, 2768, 4951, 24, 1560, 920, 921, 5090, 2979, 1893, 2471, 552, 2920, 2795, 685, 687, 3763, 694, 4281, 1209, 3257, 2108]
任性###[2497]
出奇###[1805]
费劲###[16]
迟钝###[3190, 375, 3544, 1403]
碎###[136, 232, 137, 1481, 1450, 3083, 1424, 2097, 1971, 1941, 2519, 760, 2043, 1789]
差劲###[384, 336, 2518, 2055, 2056, 2537, 3118, 2623]
喜人###[3024]
暖###[921]
暗###[80, 3571, 339, 3081, 3867, 1919, 1327]
得体###[4286]
强悍###[4705, 476]
卓越###[4636]
精美###[2884, 2696, 3419, 4047]
红###[4128, 1985, 5091, 37, 1830, 967, 1064, 2440, 2635, 13, 2319, 1587, 4663, 794, 795]
帅气###[2993]
不错###[3073, 2050, 1027, 2052, 3078, 8, 10, 1036, 2063, 4111, 1041, 5137, 1042, 3093, 2069, 23, 25, 1052, 3101, 3105, 3107, 35, 37, 4133, 38, 1063, 4135, 5159, 1064, 1066, 3114, 42, 2091, 2097, 4146, 5174, 54, 2105, 60, 4157, 1086, 4159, 1088, 5188, 1094, 5192, 1096, 3145, 1098, 4171, 2126, 1102, 2137, 1114, 92, 1118, 2143, 96, 2148, 4198, 2150, 4199, 4200, 2153, 5226, 3178, 5231, 3184, 5239, 4216, 1145, 5242, 1146, 1148, 4223, 2179, 2181, 2182, 3214, 5263, 4240, 5265, 5269, 1173, 1174, 2199, 5271, 153, 4249, 5277, 5278, 3230, 5279, 159, 1184, 4256, 2209, 4258, 2211, 4261, 5286, 2217, 5292, 4270, 2222, 1200, 179, 5300, 181, 5302, 1209, 5305, 5306, 5307, 191, 5312, 3265, 5313, 5316, 198, 1223, 2247, 1229, 3278, 1232, 4305, 210, 2262, 4310, 1241, 218, 1243, 2270, 1246, 1247, 224, 2273, 1254, 234, 1259, 2291, 4341, 1270, 2297, 2302, 4355, 3334, 4359, 4362, 3339, 1291, 2318, 2326, 278, 1303, 281, 1308, 2333, 3359, 1313, 2341, 1318, 3366, 1320, 298, 3370, 2348, 3372, 3373, 2350, 3377, 1331, 1332, 317, 3390, 318, 1343, 3394, 4419, 4420, 2373, 4427, 2383, 4432, 4434, 1364, 4437, 342, 3416, 3422, 1375, 3424, 2404, 1381, 359, 360, 363, 2412, 3438, 2416, 3446, 1402, 4476, 4480, 388, 391, 4494, 398, 3471, 3474, 4501, 2455, 1431, 4509, 4511, 1440, 422, 4519, 426, 434, 4532, 3509, 2486, 3517, 2494, 1471, 4544, 2498, 4547, 3525, 1477, 2505, 1481, 4553, 459, 3531, 4557, 3535, 1489, 2513, 467, 4563, 4564, 1492, 3546, 480, 3552, 2529, 1508, 2534, 1510, 4586, 3566, 3568, 2545, 3573, 2556, 1534, 512, 3586, 1544, 3593, 3595, 4621, 3599, 531, 4628, 1557, 4633, 4634, 1566, 4640, 1569, 3618, 3623, 1579, 3634, 3636, 2614, 3643, 1596, 576, 3651, 2628, 3652, 2629, 2630, 4680, 1609, 2635, 590, 4688, 3666, 3670, 2647, 1633, 1634, 3683, 1637, 1638, 4710, 1639, 1641, 4715, 1651, 1652, 1653, 1655, 632, 3709, 3717, 1674, 1678, 661, 3734, 2711, 3736, 664, 2718, 2720, 679, 3756, 3760, 1713, 3764, 696, 1721, 4793, 1728, 2757, 4805, 1736, 1737, 717, 1743, 2769, 733, 4829, 1759, 742, 4845, 4848, 2801, 755, 757, 1781, 2805, 4856, 2809, 2817, 3842, 2819, 773, 3849, 2829, 1816, 797, 2848, 3878, 1834, 4910, 3886, 818, 4919, 3901, 3903, 833, 1857, 837, 839, 3912, 1865, 2890, 1870, 2896, 4946, 851, 1875, 4948, 3930, 3936, 867, 3940, 869, 870, 871, 3946, 2922, 4970, 2924, 882, 1907, 1908, 4981, 890, 4992, 1920, 903, 3977, 906, 3978, 909, 2958, 913, 1940, 929, 5027, 4004, 4006, 935, 1961, 1970, 3000, 3008, 962, 1989, 967, 4040, 1993, 4041, 972, 1998, 3023, 1999, 3024, 978, 4052, 2005, 3029, 982, 2007, 3034, 3035, 2014, 4067, 4077, 4079, 1013, 5111, 4094, 5118]
可悲###[489]
亮###[4130, 2341, 5, 2153, 169, 106, 2348, 652, 3804]
纯###[5244]
显眼###[1801, 2782]
强劲###[1824, 1378, 4563, 3493, 2665, 74, 5274, 1486]
绝对###[1576]
平滑###[4629, 3006]
具体###[753]
不够###[4691, 5080, 2008, 953, 4153, 1914, 3722, 1963, 1420, 3948, 2094, 4399]
最新###[640]
难###[4946, 2854, 2712]
精###[26]
烂###[3074, 228, 613, 2374, 678, 2375, 3432, 777, 2410, 308, 852, 1178, 956]
模糊###[7, 665, 3867, 3502, 2830]
黄###[146, 7, 1304, 2476, 1486]
开心###[698]
前置###[1088, 4547, 967, 584, 200, 783, 2257, 83, 214, 1174, 1751, 3991, 5272, 537, 90, 3355, 5211, 1118, 1119, 225, 4963, 4835, 2222, 3633, 1013]
响###[48, 109]
黑###[256, 194, 3396, 4679, 2920, 297, 844, 3916, 4883, 566, 823, 3384, 539]
棒###[2145, 3618, 3394, 4803, 35, 4583, 4233, 1259, 715, 12, 1103, 2383, 3792, 4912, 1396, 2007, 1209, 1817, 2778, 2110, 3647]
欣喜###[786, 3448]
清爽###[3903]
易碎###[4944, 1665, 1729, 4513, 2530, 3316, 4198, 1259, 3387, 4443, 3118]
耐磨###[4096, 5277]
高###[2049, 2, 1036, 2062, 3091, 4628, 1044, 4631, 535, 1560, 1052, 2076, 2078, 38, 1069, 3634, 4146, 2100, 5175, 1081, 2625, 2115, 1095, 3144, 1102, 3664, 1105, 3670, 4696, 2137, 4187, 2140, 1125, 1127, 2152, 2153, 1641, 4206, 2159, 1136, 4720, 4730, 1149, 126, 2174, 4223, 128, 3714, 2179, 2694, 1159, 2697, 3722, 2707, 2708, 660, 5270, 2711, 663, 2713, 3738, 5274, 2714, 5276, 4253, 159, 4257, 164, 1703, 1705, 5290, 3245, 2222, 1716, 2741, 3766, 1209, 3772, 5309, 2239, 3779, 4292, 3280, 4305, 2257, 2774, 730, 2781, 4322, 739, 2787, 4837, 1769, 234, 746, 747, 4844, 3313, 4856, 2808, 1273, 3836, 2813, 2819, 772, 261, 3336, 3347, 1299, 788, 280, 3354, 3361, 4901, 1833, 2349, 3887, 815, 3892, 3893, 1333, 3896, 827, 828, 829, 1342, 3390, 3395, 835, 2885, 4421, 4427, 2383, 3409, 4948, 341, 2903, 3927, 3424, 3937, 3425, 868, 871, 360, 1388, 2415, 1903, 368, 1908, 2423, 3968, 392, 2444, 3980, 5009, 4498, 5012, 4505, 3484, 4509, 1949, 925, 1951, 929, 4004, 1957, 5031, 4520, 425, 2990, 434, 2489, 3513, 448, 1984, 1986, 3523, 5060, 2500, 3525, 1480, 969, 4041, 3534, 4558, 2513, 2517, 983, 2009, 5081, 474, 476, 4572, 3548, 3551, 991, 5090, 3556, 1000, 1001, 1002, 1005, 2542, 4084, 4085]
突然###[1936, 3325]
特别###[3451, 173]
高级###[2576]
犹豫###[322]
蓝###[3584, 2498, 1171, 1094, 3564]
糟###[317]
新鲜###[560, 4951]
满###[388, 3333, 4982, 1207, 665, 75, 2460, 3549, 1982]
恶劣###[1658, 974]
优异###[4886]
不赖###[1655, 1311]
脆弱###[2534, 3480, 3257, 4988]
激动###[1815]
松动###[368]
朴实###[1843]
烦###[878]
时尚###[1584, 3027, 2147, 4198, 1609, 4748, 3453, 669, 5198, 510, 4655]
新颖###[4085]
烫###[2311]
聪明###[2304]
荣耀###[280, 1068]
热###[160, 1089, 197, 2085, 646, 8, 1993, 4618, 4684, 1645, 3598, 3634, 51, 3637, 2646, 1463, 4600, 985, 3871, 3679]
合适###[2, 1667, 164, 1957, 2950, 5223, 4359, 4903, 1321, 5226, 4106, 4874, 2635, 1325, 2862, 1102, 2097, 210, 631, 344, 3384, 5307, 4991]
合理###[3937, 4641, 3554, 2563, 4259, 492, 1105, 4209, 1873, 2385, 4081, 178, 4115, 5172, 2868, 1591, 503, 3576, 2009, 986, 1343, 4511]
直###[4548, 1212]
消极###[2878]
诱人###[4691, 1877, 5065, 2842]
精致###[529, 818, 3446, 3607, 1081, 3801, 25, 1817, 3419, 2444, 1197, 1582]
安静###[339]
良好###[691, 437, 1063, 1100, 894]
憨厚###[723]
确实###[2533, 1704, 1164]
绿###[3263]
顺手###[1664, 5268, 3493, 1993, 430]
高端###[4884, 390, 1831, 1832, 2665, 3165, 4861, 2621]
充足###[150]
迟缓###[1108]
激烈###[716]
清晰###[3201, 2625, 3525, 1159, 715, 4556, 2444, 2254, 2575, 593, 2450, 1555, 5140, 406, 3608, 730, 3546, 90, 797, 3618, 2533, 2472, 1963, 2222, 1454, 241, 3252, 1781, 2741, 758, 2494, 3903, 1471, 511]
脆###[880, 3925]
和谐###[2129]
可用###[2422, 159]
诚实###[1979]
伤心###[1955, 1911, 556, 2367, 2943]
耐用###[387, 3846, 1290, 4749, 5265, 1045, 5016, 3100, 5277, 161, 4257, 3746, 35, 3109, 2981, 38, 2088, 430, 1968, 3120, 54, 3258, 2362, 5311, 2240, 2114, 2757, 3655, 1096, 1616, 3926, 2646, 2008, 5210, 3547, 3035, 2403, 2531, 100, 2533, 1639, 4712, 3561, 2801, 242, 4850, 3828, 1013, 1014, 3447]
不好###[3328, 770, 1282, 5, 133, 1159, 3464, 3468, 141, 1555, 1427, 278, 1944, 283, 1310, 1695, 5280, 5025, 3106, 2981, 2472, 3240, 169, 2089, 1706, 1963, 3628, 1453, 2606, 434, 3122, 3123, 53, 2487, 2488, 3388, 2237, 317, 960, 4545, 1730, 194, 4548, 710, 327, 4809, 1097, 1998, 2000, 1107, 2389, 4569, 3684, 4198, 238, 1906, 1524, 1012, 2677, 504, 3577, 762, 1531, 3198, 2687]
多###[512, 2049, 259, 3335, 3593, 3594, 3083, 272, 1556, 1303, 2840, 2329, 2587, 3867, 1309, 544, 802, 3878, 806, 4395, 2347, 2870, 54, 3383, 567, 3646, 577, 2884, 3913, 2378, 75, 3404, 1103, 2129, 1620, 1377, 98, 1122, 879, 882, 114, 3191, 2681, 1919, 4991, 1151, 2437, 1157, 1926, 3719, 1927, 3975, 3465, 1930, 1931, 4749, 5263, 911, 1427, 1684, 5014, 4506, 2203, 5280, 4258, 1702, 2748, 960, 1729, 3523, 1477, 1478, 1737, 2253, 3024, 1489, 3284, 1493, 731, 3293, 733, 478, 3808, 5090, 4834, 2533, 2021, 489, 2796, 750, 238, 1007, 2544, 2545, 1780, 2549, 4085, 763, 3325, 1022, 1023]
猛###[4651]
扎实###[387]
对称###[1834, 3806]
真###[3648, 2048, 3201, 1154, 2, 5253, 453, 1221, 773, 8, 140, 3342, 15, 147, 340, 3348, 1941, 149, 2070, 2519, 3608, 3035, 1116, 4828, 1180, 4513, 2468, 164, 1895, 3689, 619, 493, 2158, 239, 943, 2545, 179, 2423, 376, 1467, 445]
结实###[672, 2114, 4898, 877, 2126, 2207]
好看###[4096, 1536, 4097, 2566, 3846, 264, 5130, 2570, 1546, 268, 12, 4365, 2061, 3856, 2065, 2066, 4115, 5140, 1300, 788, 1556, 533, 5142, 1302, 3607, 2586, 3866, 3611, 3360, 4640, 3873, 4134, 295, 2857, 5162, 811, 1326, 48, 4402, 2100, 5177, 3387, 2876, 318, 68, 2885, 1351, 1870, 78, 2383, 4176, 2897, 4179, 3155, 1619, 4182, 3670, 4950, 4695, 5208, 5211, 2655, 5217, 4453, 2152, 4712, 5226, 2923, 110, 5232, 2161, 5235, 3956, 3961, 4476, 3964, 3709, 4477, 4223, 2687, 2179, 1155, 2436, 388, 4230, 4486, 1414, 2951, 1159, 4236, 654, 3732, 1940, 664, 409, 1952, 2466, 2210, 932, 4773, 4264, 2730, 938, 2222, 2223, 4272, 4016, 4784, 3762, 4278, 2999, 5048, 953, 702, 4798, 2755, 452, 2500, 2756, 4293, 1478, 4808, 1736, 718, 5073, 978, 5074, 4052, 2517, 981, 4825, 2778, 4315, 3292, 4319, 1759, 3551, 4066, 739, 3811, 4323, 1508, 999, 1000, 4074, 1774, 1777, 5109, 3830, 3319, 3831, 3576, 3064, 4088, 3326]
强大###[448, 4996, 3397, 1927, 3336, 4424, 76, 3404, 4431, 4691, 4948, 4245, 5205, 2199, 89, 3930, 3934, 2207, 4192, 2016, 4520, 4264, 1130, 4016, 2224, 4784, 305, 1905, 5235, 1655, 2168, 4282, 5307, 446, 3647]
焦###[3525, 295, 1130]
大###[5122, 2, 2052, 5, 1032, 4617, 5130, 11, 3083, 1035, 13, 1037, 5136, 1560, 27, 4635, 28, 2077, 5152, 1569, 5154, 1572, 5158, 3622, 553, 4651, 3631, 4146, 4150, 1591, 2108, 1085, 5181, 2622, 2623, 2625, 5187, 5188, 1604, 3655, 1609, 3146, 1102, 5199, 593, 1105, 3670, 4696, 5211, 5213, 3681, 98, 4195, 4196, 5220, 614, 4199, 2153, 3689, 2668, 621, 3697, 4722, 628, 116, 3194, 1659, 3707, 124, 4220, 3709, 1149, 2175, 1153, 4225, 4738, 2179, 3718, 646, 4238, 656, 1172, 2708, 2198, 3224, 4761, 3226, 4250, 5275, 4766, 2206, 672, 3746, 4260, 164, 5286, 679, 4265, 169, 5293, 4788, 3766, 3771, 2748, 5312, 2752, 4801, 2241, 2756, 202, 3276, 2254, 4815, 2768, 3794, 724, 3285, 2773, 1238, 1754, 2268, 225, 1762, 2788, 4325, 3302, 231, 3820, 748, 1261, 238, 2289, 3313, 755, 4857, 2298, 3835, 251, 1789, 2814, 3327, 768, 4868, 4357, 1801, 1290, 787, 4883, 2325, 3349, 4888, 2330, 285, 3870, 1822, 2342, 4904, 1322, 817, 2867, 1331, 3379, 3892, 309, 1852, 2876, 2877, 4414, 832, 1856, 833, 3395, 4933, 841, 2378, 3915, 1868, 1873, 340, 3926, 4950, 4952, 858, 860, 2910, 2400, 1888, 1376, 4965, 1893, 1894, 3942, 871, 4972, 3949, 1903, 882, 884, 4981, 4982, 4991, 2949, 2950, 2958, 399, 4497, 5010, 2966, 3991, 921, 2460, 1438, 5022, 2976, 4001, 2985, 3498, 3499, 4527, 4017, 2488, 2489, 5051, 2493, 2495, 1472, 1984, 5060, 1990, 3014, 1478, 4551, 1991, 4039, 5063, 2508, 1485, 4557, 1486, 5073, 3026, 467, 1496, 2009, 476, 4573, 2526, 2014, 991, 4575, 4576, 2532, 3557, 2533, 3047, 3052, 4077, 4589, 1008, 496, 5106, 4083, 500, 1524, 3576, 506]
紧###[359, 2042]
简约###[1984, 35, 4891]
方便###[4209, 161, 882, 242, 915, 163, 4868, 5268, 202, 891, 175, 495]
舒服###[132, 453, 1159, 8, 1481, 2442, 3178, 398, 2094, 2191, 3345, 1302, 1558, 3543, 699, 5277]
头痛###[578]
粗糙###[1488, 3868]
弯###[773]
累###[3985]
弱###[2369, 2497, 2498, 1155, 517, 102, 4358, 456, 3146, 75, 2193, 3411, 3132, 3517, 2046]
贱###[3911]
低廉###[4419, 2153, 2140]
刺耳###[3362, 1163, 639]
贵###[2948, 3460, 2309, 2694, 1991, 2378, 2379, 4940, 3795, 851, 1108, 2198, 1560, 89, 1498, 4315, 990, 2271, 928, 2722, 2793, 937, 3057, 3761, 3958, 631, 4922, 4861]
正常###[33, 82, 1495, 907, 3293]
强###[1984, 709, 3013, 518, 1481, 10, 970, 1995, 4655, 1330, 4468, 2164, 4888, 4638]
惊人###[625]
直接###[1220, 3167]
厉害###[488, 1003, 269, 1454, 110]
实用###[1088, 2770, 2211, 2630, 2471, 3580, 1340, 2348, 2668, 3134, 1566]
单一###[1379, 2997, 1863]
实在###[2124]
保守###[4148]
鲜艳###[12]
郁闷###[325, 3359, 399]
廉价###[2, 962, 19, 2035, 387, 164, 3253, 2248, 1337, 844, 2526]
重要###[225, 578, 1762, 5092, 2868, 1733, 936, 74, 3995, 5116, 3516]
稀奇###[1543, 2279]
个别###[293]
抽象###[2658]
相似###[1571, 4951]
系统###[2390]
不足###[1377, 2690]
低###[2049, 5187, 2694, 3782, 198, 2311, 521, 10, 2506, 1229, 4944, 1488, 340, 2965, 1626, 2138, 2459, 5148, 476, 2781, 1949, 3806, 1376, 929, 2147, 3363, 4132, 4520, 3115, 875, 942, 2868, 1908, 2166, 376, 829, 4223, 4799]
高贵###[2265]
坏###[1668, 708, 1029, 522, 3530, 5259, 1295, 1296, 5267, 1939, 1429, 279, 3096, 600, 3867, 2652, 4829, 3166, 2209, 1700, 3624, 1452, 558, 435, 1909, 1973, 569, 1084, 637, 382]
诡异###[639]
沙哑###[2590]
出名###[1587]
可靠###[1747, 2126]
高大###[2164, 4457, 748, 5293]
普通###[3842, 3860, 3973, 3815, 1356, 3903, 511]
落后###[2260, 3693]
慢###[1409, 3650, 5060, 3333, 1543, 2057, 1930, 3467, 1931, 909, 3598, 531, 3283, 667, 923, 283, 3804, 4702, 990, 738, 1956, 808, 1321, 361, 1450, 3564, 4657, 3958, 1463, 571, 1662, 1919]
正###[773]
无奈###[4, 167]
偏远###[2370]
全###[3009, 2273, 4581, 4566, 1526, 1977, 4922, 4042, 13, 1229, 1805, 2957]
灵活###[92]
平整###[1057, 3956, 183, 2702]
圆润###[1093]
软###[1397]
容易###[1266, 3443, 2885, 1957, 854, 247, 1480, 2043, 3822, 2366, 878, 190]
佳###[784, 2497, 2498, 3701, 1781, 2134, 1482, 2779, 3228, 3166]
完善###[1896]
灵敏###[4244, 472, 2824, 748]
多余###[3523, 488]
整###[4201]
轻薄###[2458]
大方###[1058, 1096, 3176, 1865, 1100, 2094]
细腻###[1330, 2371, 2707, 3125, 2455, 25, 10, 495]
轻###[561, 3593, 4061, 2559]
死###[4051, 4204]
优美###[2817, 3413, 870, 1100]
好###[4096, 2050, 4099, 2052, 4, 3076, 6, 1031, 4103, 8, 1032, 5128, 2057, 10, 1036, 3084, 12, 1041, 1042, 2067, 3091, 5141, 1046, 1047, 2074, 2075, 1053, 2078, 1056, 1057, 1058, 35, 1059, 36, 3111, 1063, 41, 4137, 42, 5162, 1066, 49, 4147, 54, 5175, 4152, 2104, 56, 3129, 2106, 4154, 5179, 59, 5182, 63, 2111, 4159, 1087, 4160, 1089, 2114, 5187, 68, 70, 1095, 72, 2120, 5193, 5194, 1101, 2126, 1103, 1104, 2129, 1105, 81, 5203, 1107, 1108, 4183, 5208, 3160, 89, 2138, 5211, 3164, 3165, 94, 4190, 97, 4193, 4195, 4196, 1125, 4199, 4200, 3177, 2153, 3179, 2155, 4206, 1134, 2158, 3184, 5232, 5234, 5238, 5239, 1146, 123, 5243, 3197, 3201, 1154, 5251, 1156, 3204, 4229, 4232, 137, 2188, 3213, 141, 1168, 5267, 1173, 4245, 5271, 3224, 2203, 157, 1182, 3231, 4256, 160, 4258, 163, 5287, 2215, 3242, 2220, 1197, 2221, 2222, 175, 177, 178, 2226, 179, 4275, 181, 3254, 3255, 4279, 5304, 4280, 185, 3257, 1210, 5306, 4284, 3262, 4286, 5313, 193, 5315, 3267, 1221, 198, 4295, 206, 1232, 2256, 4305, 3282, 3283, 1237, 213, 4315, 3291, 4316, 2268, 220, 3294, 2270, 3295, 225, 226, 3300, 4325, 3302, 4327, 1256, 4332, 4335, 4343, 3320, 248, 2297, 4347, 3325, 254, 4351, 3329, 4354, 4355, 3334, 1286, 2311, 3336, 2314, 1290, 1291, 268, 1293, 3342, 2320, 3347, 3348, 279, 4375, 1303, 281, 3354, 4378, 1307, 283, 285, 2333, 2334, 4384, 3360, 1312, 2337, 3361, 1313, 291, 2340, 3364, 3366, 1319, 4394, 4395, 2347, 1323, 2349, 1325, 2350, 3375, 3376, 1329, 2356, 1332, 309, 311, 1337, 4409, 2361, 314, 4411, 3388, 2364, 4413, 322, 3395, 2371, 3397, 2380, 3407, 4432, 3410, 339, 2391, 4440, 2393, 1371, 1372, 2399, 3424, 1376, 1377, 2402, 1378, 354, 3427, 2403, 3428, 357, 2406, 3431, 2407, 360, 362, 1387, 2412, 4462, 2415, 1392, 4466, 4469, 3447, 3448, 2431, 1407, 385, 1411, 387, 3463, 1417, 4493, 3470, 1425, 3475, 4500, 406, 1431, 2455, 4503, 1432, 4504, 1434, 4506, 3483, 1436, 412, 1439, 3492, 1447, 3495, 4519, 424, 2472, 1448, 4524, 1453, 430, 1454, 2478, 4527, 1456, 2483, 4533, 1461, 1462, 2487, 3516, 1472, 2500, 4551, 2504, 1481, 4554, 1483, 4557, 3535, 2511, 3536, 1491, 469, 4565, 3542, 4567, 1495, 1496, 1498, 1499, 4571, 3548, 476, 478, 2526, 3552, 2530, 2531, 1508, 2535, 1511, 489, 4586, 2540, 2541, 4589, 3566, 1519, 2543, 497, 3571, 4595, 3576, 4606, 3583, 511, 3584, 3587, 3590, 2566, 4617, 4619, 2575, 2576, 1555, 3604, 4629, 1558, 2582, 535, 3607, 3608, 536, 1561, 4635, 1564, 4637, 2593, 547, 2597, 3622, 1574, 552, 2602, 1579, 555, 1580, 3630, 1583, 560, 1584, 3632, 3633, 563, 565, 2613, 3637, 566, 2617, 569, 3643, 1595, 2620, 3647, 576, 1601, 1602, 578, 582, 4679, 3655, 2634, 2635, 587, 1612, 589, 3661, 590, 4694, 3670, 4695, 599, 4698, 603, 3675, 4700, 3678, 2654, 608, 609, 1633, 2657, 1636, 4708, 1639, 1646, 2671, 1649, 625, 1650, 2674, 1651, 2676, 4724, 4727, 631, 1657, 2681, 3707, 1659, 635, 2683, 2688, 3713, 4737, 642, 4739, 2691, 1667, 3719, 4745, 1674, 1677, 4749, 2702, 2703, 2705, 3731, 2708, 4757, 1686, 663, 1689, 1690, 4766, 3745, 2723, 4773, 679, 1703, 1705, 2733, 3763, 1717, 4791, 3772, 703, 704, 2752, 3776, 705, 1733, 709, 3783, 4811, 4814, 1743, 4818, 723, 2773, 729, 1755, 4827, 3804, 733, 3807, 2783, 1759, 1760, 1761, 738, 739, 1770, 3820, 2796, 1773, 3821, 2798, 750, 751, 3827, 2803, 1780, 3829, 2805, 1781, 2807, 759, 1784, 1786, 4859, 4861, 770, 773, 3851, 1803, 2828, 4877, 3855, 3856, 4880, 4884, 1814, 4886, 3865, 1817, 4889, 3868, 2846, 3870, 4896, 806, 1831, 3882, 3886, 3887, 2868, 821, 1848, 1850, 1852, 4925, 2881, 3907, 1860, 4933, 839, 842, 844, 3916, 1868, 3917, 4941, 1870, 851, 853, 4950, 4951, 857, 3934, 4961, 1890, 867, 3940, 3943, 2920, 4968, 1896, 4970, 875, 4973, 1903, 2928, 882, 1909, 3958, 2937, 2940, 892, 2942, 895, 3968, 896, 903, 3975, 1929, 906, 2954, 1931, 907, 5003, 5008, 5009, 3985, 1940, 2971, 3995, 1949, 2975, 1951, 4000, 2977, 930, 2979, 1956, 937, 939, 5040, 2993, 949, 951, 3000, 5053, 4030, 4031, 1984, 4032, 4033, 1990, 5062, 967, 968, 1993, 3017, 970, 971, 1998, 976, 5073, 978, 2005, 5078, 982, 5079, 5081, 4058, 3034, 4061, 3038, 993, 3053, 5106, 3059, 5109, 1014, 5111, 3064, 5114, 3069]
异常###[2351]
长###[1926, 1096, 456, 4428, 273, 2066, 1107, 3348, 150, 1047, 1687, 3543, 4056, 475, 3679, 2272, 3363, 3364, 5286, 2601, 1641, 425, 1321, 1835, 1259, 3500, 3757, 3634, 1525, 120, 4220]
成熟###[4048, 1576, 1100, 828]
饱满###[2645]
薄###[4801, 35, 3620, 3593, 1802, 1584, 1681, 4883, 308, 2711, 3543, 2168, 4858, 5274, 2266, 863]
紧凑###[1105]
干净###[1609]
完美###[1154, 2050, 4295, 711, 4554, 3980, 3660, 2257, 1105, 148, 1367, 856, 2395, 1052, 285, 1119, 3424, 2402, 4130, 2086, 3878, 4198, 5031, 5287, 552, 4074, 1516, 748, 2989, 2990, 2991, 1394, 178, 883, 1396, 4922, 2303]
残###[2018]
年轻###[4166, 555]
简洁###[1136, 5316, 638]
美###[225, 1895, 3607]
普遍###[1971, 1113, 4492]
过硬###[1441, 2239]
丰富###[660]
突出###[4162, 2180, 1734, 903, 4110, 784, 3796, 151, 25, 4185, 3229, 4765, 4959, 673, 4131, 4195, 4071, 2215, 4457, 2929, 883, 2997, 2871, 4090, 2110]
不同###[472, 2205, 2142]
麻烦###[4701]
厚###[737, 2306, 4742, 2662, 4334, 5294, 2510, 3728, 3152, 3665, 2069, 151, 2456, 4792, 3130, 3226]
新奇###[4898]
气愤###[1012]
实###[2272]
小心###[3456, 49]
优秀###[5201, 561, 786, 3029]
理想###[3360, 3329, 4674, 3746, 3491, 4676, 1061, 3878, 1065, 4618, 234, 5041, 3161]
妥###[1745, 152]
神奇###[1668]
不通###[1949]
短时###[4528]
别扭###[2342, 1801, 1775]
管用###[2519]
好使###[1984, 642]
新###[1089, 1377, 1954, 3525, 3174, 3526, 775, 968, 1321, 3116, 492, 3378, 980, 3092, 247, 2487, 2391, 1400, 2778, 2266, 731, 540, 1916, 4093]
详细###[1570]
出色###[3968, 22, 1486, 942, 3807]
小巧###[121, 3835]
足###[4884, 4469, 1927, 2458]
便宜###[2817, 1586, 3002, 4683, 4748, 12, 796]
冷###[163]
敏感###[770]
疼###[3256]
时髦###[4891]
宽###[865, 5106, 4868, 1252, 1868, 253]
净###[4367]
正经###[3077]
频繁###[3185, 2011]
安逸###[1496]
大气###[515, 4710, 4774, 5286, 913, 1138, 4115, 1909, 2198, 3224, 4986, 1659, 669]
准###[22, 4600]
精细###[469, 3608, 2108, 1182, 4319]
好玩###[1984]
稳定###[4130, 1636, 3909, 2311, 4423, 360, 3884, 76, 492, 48, 464, 5268, 4246, 2390, 698, 2106, 542, 287]
诚恳###[723]
凉###[882]
极大###[1573, 540]
重###[1170, 2504, 268]
划算###[4680, 2714, 1199]
近###[2529, 5085]
最高###[985]
不行###[3521, 3268, 2245, 1736, 1545, 1930, 587, 1931, 592, 3794, 5138, 1107, 275, 1110, 1174, 664, 1500, 3677, 223, 3745, 2594, 610, 4323, 36, 3941, 2021, 1702, 4198, 3942, 233, 299, 1836, 1709, 431, 817, 1714, 1844, 758, 185, 3133]
简单###[176, 4914]
痛###[866]
远###[3867, 1467, 3116, 2830, 3022]
迟###[1009, 1010, 5294]
漂亮###[2817, 5122, 515, 4612, 2054, 10, 5132, 1293, 4624, 2324, 4372, 22, 535, 4631, 5147, 5152, 2337, 4641, 1569, 3618, 292, 1321, 1066, 1323, 2092, 4397, 2093, 1582, 815, 1584, 49, 3125, 309, 825, 1338, 1594, 2364, 1340, 3646, 2626, 4674, 1092, 1095, 5196, 588, 2126, 5200, 3664, 5205, 2648, 3930, 5212, 3676, 2908, 5213, 1119, 2151, 2663, 2153, 3178, 1642, 2159, 5231, 369, 1905, 4467, 2676, 2167, 5241, 1661, 4735, 1663, 3968, 4737, 1155, 2691, 1413, 2952, 4233, 2188, 2444, 3468, 1932, 3727, 4752, 4241, 3985, 5265, 1170, 404, 3733, 4501, 3991, 1689, 4506, 4509, 1437, 1950, 5279, 1951, 159, 5282, 2471, 3751, 3242, 2222, 1459, 1716, 3000, 4284, 4797, 5309, 5054, 3265, 3009, 5060, 2757, 1989, 4295, 4298, 2509, 1229, 3279, 3792, 211, 724, 4565, 2522, 3548, 733, 2781, 3294, 1503, 225, 2786, 1000, 2026, 4844, 1005, 5101, 1008, 2544, 3313, 4084, 503, 3063, 3321, 506, 2299, 2556, 3580, 1789, 1021]
舒心###[2393]
旧###[2936, 5161]
快###[1792, 257, 1541, 4358, 1031, 2823, 10, 3595, 1547, 3345, 2066, 275, 3604, 4629, 535, 24, 3865, 2586, 4638, 4901, 295, 297, 3375, 2607, 3120, 2610, 819, 2868, 309, 1081, 314, 2362, 3387, 2364, 61, 3902, 3903, 3137, 5186, 3651, 3395, 3652, 3908, 1092, 3655, 77, 3661, 4942, 3667, 1620, 2645, 3670, 3926, 599, 2393, 1888, 5216, 3681, 3425, 2148, 3431, 2665, 1642, 2412, 110, 4206, 2671, 2163, 5243, 1661, 2174, 2687, 1663, 3712, 3203, 1667, 1414, 3207, 1159, 1160, 5258, 2444, 1677, 3214, 3985, 2707, 406, 1174, 1431, 2460, 669, 5277, 4253, 1182, 2207, 3231, 161, 3746, 4264, 2472, 1193, 1197, 4016, 5296, 944, 1203, 1459, 4276, 1716, 3253, 4279, 1721, 3771, 4797, 2757, 709, 965, 3782, 1737, 3529, 1481, 1483, 1229, 3021, 5069, 2509, 4558, 3022, 1745, 3283, 2774, 3542, 1495, 3287, 4056, 1496, 2520, 3545, 729, 3033, 218, 2010, 3804, 2270, 4063, 1759, 3552, 4067, 1508, 2789, 1000, 3560, 745, 5098, 234, 4586, 3050, 4589, 1773, 3313, 4339, 500, 4856, 1789, 2045]
意外###[1633]
短###[272, 1984, 273, 2596, 4857, 3561, 2716, 2573, 1565, 2574, 527]
差###[2561, 3074, 4, 3081, 1033, 2057, 522, 2063, 22, 2582, 3098, 3610, 3101, 2589, 3106, 36, 4135, 42, 558, 559, 2608, 3632, 1587, 3135, 2112, 2624, 577, 1094, 584, 586, 2639, 3152, 82, 1107, 84, 1620, 3158, 87, 88, 3160, 1626, 2652, 3166, 612, 618, 2672, 5232, 3187, 1651, 1652, 3190, 3192, 1663, 3203, 1156, 3717, 648, 1161, 1675, 5259, 140, 4242, 1688, 154, 1690, 160, 673, 675, 676, 1700, 165, 2725, 1703, 1709, 3245, 5293, 690, 3250, 4282, 1722, 3260, 1730, 1741, 207, 1746, 1235, 214, 215, 3306, 238, 3311, 4849, 242, 757, 251, 1788, 1276, 1277, 1278, 3326, 772, 1288, 1289, 268, 781, 2830, 3342, 3855, 783, 4369, 2842, 4891, 283, 3867, 1821, 3360, 801, 1313, 805, 2342, 1321, 810, 3884, 308, 822, 3894, 317, 2366, 3392, 2369, 2370, 328, 2381, 4950, 1368, 856, 2392, 858, 868, 364, 367, 368, 3955, 2421, 2425, 1917, 893, 894, 896, 3973, 1926, 1927, 3464, 2440, 2441, 5002, 1418, 909, 3469, 3471, 1429, 2965, 406, 1433, 923, 3486, 3999, 929, 1956, 1450, 428, 429, 1454, 430, 1968, 1457, 1458, 1459, 436, 1973, 1982, 958, 1983, 1985, 4545, 2498, 2500, 2501, 968, 2506, 460, 1488, 464, 2002, 2004, 2519, 2009, 3549, 4063, 5090, 2533, 2022, 2536, 2025, 491, 2027, 3564, 2547, 1013, 1014, 504, 2041, 5113, 2042]
厚道###[4232, 4888, 1247]
清楚###[1088, 578, 3362, 2626, 259, 2627, 1318, 679, 3146, 1741, 3151, 882, 3796]
美观###[3841, 1058, 234, 4587, 685, 3406, 1358, 1073, 1203, 4244, 5206, 2167, 2455, 2168, 4281, 1563, 4252, 1567]
明显###[5312, 2705, 1073, 967, 3944, 1960, 281, 2555, 2366, 863]
一致###[1746]
