老###[473, 6361, 7130]
失望###[2792]
易懂###[2746]
清###[544, 2484, 556, 174]
齐全###[1972, 1461, 5836]
要好###[1904]
小###[1026, 1285, 5384, 777, 3083, 1035, 6670, 1040, 2578, 1558, 4632, 5912, 1825, 1826, 808, 1321, 7722, 1834, 5676, 4909, 3629, 4653, 1839, 5935, 3377, 4666, 7738, 2878, 1087, 2112, 2629, 4677, 4678, 838, 1862, 2888, 5960, 74, 1355, 5452, 4686, 8014, 5458, 852, 8024, 3672, 5722, 6491, 3677, 3933, 6237, 1632, 4706, 3685, 1893, 1126, 5734, 1127, 5735, 1129, 7017, 1130, 3692, 877, 3697, 887, 6264, 4732, 8060, 8069, 8072, 7819, 3723, 7820, 3724, 3468, 7311, 7313, 6289, 7315, 922, 2715, 413, 1182, 2727, 4519, 681, 1709, 6831, 5556, 5307, 7611, 5567, 5311, 3264, 2754, 1475, 1476, 2764, 1229, 4046, 2769, 6358, 5335, 6871, 1754, 2779, 1500, 5597, 480, 2788, 3561, 6892, 1004, 7155, 6644, 7162, 1530, 1531, 1276, 4094]
丑###[4482, 8019, 3012, 2773]
少###[5282, 3558, 2838, 3944, 1531]
关键###[6805]
相同###[3150]
难看###[5664, 1603, 4660]
舒适###[4916]
一般###[1792, 2690, 7588, 7461, 7269, 7270, 2152, 5067, 6382, 6224, 5910, 1878, 668, 669, 478]
硬朗###[3538]
奢华###[3064]
流畅###[384, 6400, 4609, 3201, 5892, 6340, 3463, 4168, 201, 7497, 6925, 2318, 3347, 20, 2261, 7958, 6678, 3286, 1047, 7835, 4891, 3293, 542, 4257, 5921, 865, 5861, 741, 4326, 3818, 1835, 4401, 6321, 4594, 6770, 4915, 4092, 828, 3071]
active###[1458, 5833]
稳###[2204]
破###[2551]
广泛###[7342]
艳丽###[6048, 4290, 4292, 4075, 6892, 5277, 2446]
一样###[1665, 2914, 3778, 8085, 6198, 470, 1737]
严重###[4080, 6595, 4405, 7590, 7783, 5031, 3288, 554, 4091, 5324]
平衡###[2139]
久###[1568, 2451, 932, 6261, 5944, 8089, 8059]
偏###[2260, 6889, 7355, 3357]
必要###[5633, 883, 5157]
乐###[310]
真实###[278]
出众###[6144, 6689, 6898, 6244, 855, 6924]
虚###[4922]
欠佳###[71]
牢###[5590]
有限###[6685]
硬###[6498, 4387, 356, 6468, 7175, 1323, 4203, 6447, 4720, 4083, 2359, 6393, 2170, 1787, 7230, 1502]
明亮###[4952]
艳###[4048, 6273, 1289, 1275, 3119]
基本###[3321, 3291]
适中###[849, 4259, 7607, 6618, 1951]
冗杂###[7591]
窄###[5268]
迟钝###[3266, 4958]
碎###[2774, 6298]
差劲###[1728, 3360, 3412, 3417]
中用###[1515]
暖###[373, 9]
暗###[3355, 3357]
强悍###[2352, 6730]
巧妙###[608]
骚###[6561]
鲜###[6923]
卓越###[4257, 2362, 781]
精美###[6944, 6929, 4257, 4964, 6200, 6952, 4969, 7630, 7551]
缓慢###[2204]
华丽###[7971, 5396]
不错###[7938, 515, 7683, 5383, 5640, 5129, 5642, 1802, 6668, 7951, 1808, 273, 3090, 6932, 7444, 3350, 4118, 7447, 5146, 6171, 7452, 2846, 7456, 33, 2342, 2854, 5159, 4392, 3115, 5165, 6191, 7472, 48, 2354, 3890, 5427, 2100, 312, 825, 6458, 7485, 6718, 5695, 8000, 6211, 4932, 6980, 7493, 3148, 6221, 2895, 2643, 5461, 6743, 8025, 8026, 3165, 6238, 3682, 1124, 4198, 7782, 8041, 1898, 5226, 5228, 3694, 111, 6771, 5492, 4212, 7286, 5750, 4727, 5753, 4987, 1916, 2431, 896, 4226, 6791, 7561, 3722, 397, 2957, 3470, 6033, 3217, 8082, 1426, 3991, 7576, 7320, 7578, 7582, 3231, 3232, 5537, 1958, 4518, 6824, 4520, 2474, 7339, 683, 4012, 4268, 3245, 7086, 4783, 7856, 7603, 2484, 5558, 5815, 3261, 6596, 5318, 5062, 6343, 6857, 5068, 6604, 6863, 5072, 4307, 6101, 5077, 2519, 6872, 2781, 5086, 6110, 6366, 1503, 4319, 5344, 1761, 4834, 482, 5092, 4581, 1765, 6632, 5352, 4585, 5099, 749, 6383, 4335, 6385, 3827, 5110, 502, 3575, 4859, 6652, 1021, 4094]
严谨###[4681]
亮###[1655, 6586, 4876, 7853]
强劲###[6659, 803, 6662, 5192, 6763, 7051, 6925, 5229, 4049, 7637, 6552, 2232, 6521, 2713, 6618, 251, 4539, 220, 6013, 5982]
具体###[1146]
不够###[3760, 594, 4755, 5075, 6341, 1591, 7469]
傻###[3452, 1645]
最新###[6017, 6822, 631, 1911, 6970, 6556, 7567, 255, 6783]
烂###[4475, 4428, 3246, 1998]
狂###[2418]
有钱###[5699]
知名###[1675]
正规###[2495]
黑###[6489, 953, 4636]
棒###[3371, 7151, 3375, 2159, 6192, 4533, 6679, 472, 858, 2298, 7739, 7164, 7389]
易碎###[5938, 7510, 6168, 6953]
耐磨###[4464]
高###[3074, 774, 2566, 1286, 1543, 5897, 7179, 1548, 3084, 525, 7181, 1039, 6927, 7442, 1554, 3348, 5141, 3349, 3609, 3354, 3098, 3611, 1309, 5661, 2335, 2337, 5667, 6691, 4900, 804, 7974, 3111, 6697, 6954, 4397, 3374, 49, 5681, 4146, 5426, 7476, 6196, 5176, 5691, 4417, 5699, 4675, 4677, 3397, 4678, 7238, 6727, 6471, 7495, 2634, 1868, 7246, 7758, 5454, 7759, 4688, 6224, 8016, 4436, 2645, 5205, 6747, 5212, 8030, 1119, 2912, 7522, 2146, 1894, 7783, 5479, 1128, 873, 2153, 2410, 5482, 8042, 5738, 1131, 8044, 3693, 1902, 1137, 3697, 7283, 4726, 5751, 2680, 7288, 7033, 2682, 8060, 4994, 4741, 4485, 136, 7560, 1930, 6028, 1936, 914, 5267, 6043, 8094, 1184, 7329, 2722, 1188, 7333, 6053, 3494, 3495, 3751, 6056, 6313, 5035, 171, 2731, 5547, 2987, 1708, 7340, 2990, 7598, 7087, 4784, 5554, 2486, 6073, 2233, 6587, 6332, 4285, 2239, 5568, 5315, 7619, 5574, 4553, 3276, 2508, 976, 6608, 3794, 2771, 2520, 7132, 5596, 3549, 6878, 478, 2530, 6882, 7139, 483, 5860, 3045, 3559, 1000, 3049, 6633, 7146, 4331, 5100, 6124, 5614, 1264, 1520, 6897, 2801, 7411, 1781, 2549, 4597, 1271, 2807, 6903, 2297, 6907, 6651, 1020, 7422, 1535]
犹豫###[7562, 1035]
鲜明###[1959]
优异###[6059]
惨###[1018]
新颖###[7648, 6834, 5048, 2557, 1022]
迅速###[4137]
烫###[6765]
热###[3568, 6275]
合适###[3680, 2413]
全面###[3322]
合理###[2464, 6913, 7444]
精致###[6016, 6555, 6252, 254, 6143]
良好###[805, 2234]
独特###[6016, 8006, 6346, 6555, 1756, 254, 2367]
清晰###[4993, 5762, 68, 203, 6669, 7309, 5389, 5069, 2830, 5071, 1875, 6291, 4631, 7322, 1435, 6684, 7580, 6688, 3168, 7713, 4385, 3937, 417, 2211, 5861, 6885, 7013, 7463, 3880, 4908, 6703, 2991, 2160, 4659, 5555, 2171]
锐利###[4992]
可用###[1817]
伤心###[819, 5669]
耐用###[1280, 5889, 4549, 2950, 7686, 1737, 3086, 5006, 3344, 1749, 4310, 5211, 1567, 2847, 4192, 1248, 4389, 5863, 7783, 4976, 3573, 4791, 56, 7480, 6265, 3258, 2683, 763]
不好###[7010, 5931, 1868, 6126, 4847, 3408, 3413, 3926, 4598, 2646, 6204, 7292, 4670]
多###[448, 450, 3524, 2181, 6533, 2247, 3788, 2958, 5199, 7631, 3344, 1104, 979, 4181, 789, 7255, 4121, 4057, 4123, 2076, 6813, 5407, 2720, 2724, 4901, 4646, 4839, 232, 5994, 1834, 1515, 7276, 6254, 5486, 7600, 2608, 5809, 7602, 6386, 1720, 2040, 2556, 4414]
真###[7648, 4544, 99, 5029, 423, 746, 5789, 3006, 2911, 5695]
结实###[5897]
好看###[2945, 5699, 387, 6854, 262, 5451, 2507, 6733, 5070, 1680, 5073, 3347, 2134, 6231, 23, 472, 6616, 6105, 6618, 1947, 1693, 8029, 2336, 4257, 4259, 5156, 6117, 2598, 7719, 7081, 7403, 4971, 1132, 7601, 7089, 4786, 5682, 51, 1012, 6837, 7160, 4474, 6268, 1790, 7294, 6782, 3007]
强大###[5317, 4743, 775, 1544, 4680, 5962, 7244, 7375, 403, 915, 3096, 5209, 5724, 1117, 4957, 7645, 5600, 7266, 7267, 2854, 39, 6696, 5481, 6314, 2220, 2803, 5428, 2036, 4278, 1657, 7743, 1791]
焦###[6761, 859, 860]
大###[5124, 5893, 6919, 7690, 7180, 6932, 7700, 20, 7701, 278, 1559, 7706, 1821, 6686, 286, 6175, 5152, 4896, 4897, 6434, 4900, 293, 1830, 551, 5672, 2344, 3114, 3115, 7468, 3628, 2349, 1070, 7217, 6963, 6198, 2616, 569, 2361, 1850, 2365, 1854, 7487, 64, 2882, 66, 7238, 2894, 5967, 3151, 79, 1360, 3153, 4947, 6484, 7253, 4950, 8023, 5720, 344, 2136, 6234, 3418, 7515, 6236, 604, 3678, 4191, 6751, 4705, 4194, 7011, 3687, 1896, 6506, 1133, 1135, 7536, 1649, 2673, 7540, 3701, 888, 6266, 6011, 7036, 4990, 4735, 8063, 384, 130, 3212, 2701, 2702, 656, 6550, 7574, 2971, 1948, 5789, 7326, 1440, 4259, 2985, 5291, 7853, 6063, 7343, 175, 5808, 5043, 6325, 4535, 6584, 1464, 5560, 6842, 1470, 4799, 4544, 4801, 705, 2244, 2505, 2763, 205, 4045, 7630, 3022, 3024, 3795, 980, 6612, 472, 6365, 3295, 4576, 5089, 5605, 4070, 4584, 5098, 7402, 7915, 4588, 6637, 1005, 5359, 1266, 6646, 4601, 249]
坚挺###[5252]
方便###[3448]
舒服###[534, 3977, 7674, 6589, 1614]
头痛###[2966]
弱###[467, 8061, 4687]
热和###[787]
贵###[6208, 5056, 6978, 6724, 8069, 7176, 5961, 1738, 7434, 5902, 4431, 2639, 1423, 5265, 6866, 1747, 6355, 2003, 5078, 6102, 2199, 4184, 1688, 5145, 1819, 6173, 5341, 4830, 7518, 7838, 1631, 6945, 6307, 1701, 5158, 5798, 7720, 2346, 1837, 7022, 7730, 6067, 7669, 2167, 6712, 6457, 6779, 6463]
正常###[8027]
强###[7744, 7748, 38, 7464, 7754, 2059, 1806, 2831, 402, 7351, 1080, 1913, 4699]
努力###[2756]
惊人###[7016]
厉害###[6197, 7672, 4250, 6395, 7323, 5293]
单一###[7449]
实用###[5765, 789, 2181, 7606, 3578, 4172, 7996, 1981]
杂###[6087]
鲜艳###[1057, 7410]
亮丽###[2747]
重要###[4915, 7960]
个别###[506]
相似###[6528, 3234, 227, 7923, 6548, 5989, 247, 6009, 7930]
臃肿###[5402, 3501]
不足###[3465, 7246]
低###[8032, 7425, 1122, 7395, 5445, 4936, 2312, 7821, 7790, 2318, 1424, 529, 1305, 923, 2459, 5535, 2207]
坏###[7701, 7238, 3851]
精湛###[6135]
高大###[7317, 6870, 4778, 43]
慢###[5601, 1733, 3238, 1736, 1737, 3275, 5329, 594, 6388, 3638, 4216, 2041, 1948, 2940, 4956, 2045, 6301]
准确###[4411]
持久###[3420, 4988]
全###[1344, 1041, 1988, 5733, 857, 3882, 5499]
死板###[6036]
软###[6931, 1766, 2343]
容易###[3568]
佳###[6179, 7623, 3400, 651, 1373, 2462, 5230, 543, 7727]
灵敏###[3618, 3976, 5368]
轻薄###[6059]
优越###[2577, 6769, 3928, 1757]
超前###[6960]
细腻###[6064, 6932, 3324, 3102]
轻###[6268]
死###[3613]
优美###[7400]
好###[1539, 7172, 7174, 5645, 6161, 5139, 4116, 6166, 4634, 1051, 7708, 7709, 3614, 5153, 6178, 4134, 3113, 6186, 7724, 2604, 6700, 47, 5679, 7728, 7731, 2612, 7732, 6711, 55, 2615, 4152, 3129, 6201, 62, 2110, 6720, 5697, 6723, 67, 6212, 2630, 7238, 2632, 7240, 4682, 2635, 7243, 6219, 7756, 7757, 6223, 3664, 3153, 6227, 5207, 5719, 3161, 7769, 89, 2652, 95, 7776, 5220, 6757, 7784, 7282, 7285, 7286, 2166, 3191, 7289, 6268, 3197, 5757, 3198, 7294, 6272, 7299, 2694, 5766, 655, 6288, 5266, 7319, 6296, 7836, 2204, 1182, 6816, 1186, 7334, 2726, 3752, 7337, 1197, 4782, 5810, 6322, 4277, 5302, 4790, 4797, 4802, 7877, 6855, 2247, 3272, 2761, 203, 2767, 5843, 4309, 4310, 4824, 4826, 4315, 5341, 4833, 5859, 1252, 4325, 3814, 7398, 3815, 4329, 1769, 7402, 3819, 1263, 4336, 7409, 2802, 2805, 5366, 2810, 251, 6908, 3836, 6399, 7936, 3328, 259, 5893, 5383, 7943, 3341, 5391, 5904, 6931, 7443, 3347, 2326, 6937, 3353, 4889, 796, 4892, 797, 5919, 5920, 2351, 7984, 3892, 1845, 4917, 821, 313, 5947, 1853, 835, 7497, 6474, 5963, 5452, 2893, 4941, 845, 3406, 8015, 6480, 8018, 850, 851, 853, 8021, 7511, 2905, 4954, 3419, 7516, 7005, 1375, 2400, 1890, 3940, 5478, 7023, 4975, 7026, 5493, 7029, 4474, 6013, 3457, 2949, 4999, 6026, 8074, 907, 4491, 5004, 910, 2446, 1942, 6552, 5017, 1947, 1948, 3488, 7585, 5026, 7074, 4517, 2984, 4009, 5546, 3500, 5037, 3503, 7091, 7604, 4020, 5563, 5054, 5055, 5570, 4546, 3010, 7621, 3014, 6089, 5066, 4044, 1484, 2511, 7121, 977, 5079, 4571, 6621, 2525, 3550, 4575, 3554, 6116, 5092, 5096, 7659, 2540, 6125, 6127, 496, 1521, 6641, 2034, 4595, 2037, 3576, 4601, 1530, 7675, 5627, 2556, 6654]
长###[8081, 3570, 6610, 1639, 4744, 5258, 1069, 6717, 1134, 6190, 4862, 2703]
昂贵###[7622, 7687, 6060]
鲜亮###[4564, 734]
成熟###[156]
薄###[3456, 3457, 3809, 6130, 644, 4276, 1607, 4617, 1038, 143]
干净###[2017]
完美###[6753, 4257, 72, 5065, 1641, 810, 2954, 7182, 6319, 4980, 533, 7477, 6326, 2266, 4795, 60, 6269, 4925, 5342]
很小###[4050]
浓艳###[7523]
简洁###[6784, 196, 3078, 6232]
美###[3729, 7795, 2252, 6991]
吃紧###[6348]
瞎###[3724]
丰富###[5922, 4126]
用心###[274, 6744]
突出###[2241, 6722, 2691, 4291, 7558, 6984, 2696, 1480, 1738, 8011, 1227, 2700, 5516, 6989, 5584, 1617, 4051, 6867, 1307, 3675, 6107, 6619, 3676, 4317, 2143, 480, 2658, 2659, 3683, 7587, 6692, 3684, 3688, 6697, 7018, 4460, 5036, 940, 3886, 879, 3695, 2227, 2228, 6645, 889, 894, 2111]
不同###[5601, 1745, 4990]
先进###[2099, 3588, 7310, 4591]
厚###[1184, 1362, 1845, 3686, 1638, 4618, 5454]
实###[5289, 860]
康宁###[578, 178, 6082, 5038, 7134]
优秀###[7552, 7680, 4610, 4514, 5444, 356, 6983, 1642, 6061, 7726, 6447, 7671, 7230]
妥###[1653]
神奇###[7974]
细微###[3166]
新###[736, 769, 4130, 770, 7746, 4452, 37, 3046, 8105, 1838, 401, 2452, 7061, 5688, 4282, 6586, 479]
出色###[913, 4067, 3252, 3172, 1542, 6758, 200, 7163, 7131, 5005, 558, 7134]
忠实###[3895]
便宜###[96, 1265, 1912, 1822]
冷###[3998]
精细###[4802, 67, 6755, 4421, 6327, 6216, 7032]
要强###[1991]
俏###[3362]
近###[5093]
最高###[561, 7185, 2260, 3015]
不行###[2432, 3732, 2500, 3733, 2502, 1175, 936, 7336, 3275, 3885, 4079, 735]
忙###[4761]
离谱###[7857, 4671]
糟糕###[1527]
简单###[6821, 5400]
繁琐###[2661]
漂亮###[1537, 7682, 3722, 523, 6283, 908, 5138, 4758, 4887, 3097, 665, 794, 6046, 3874, 4386, 2725, 1445, 4009, 1195, 4651, 2348, 7596, 6702, 4913, 435, 6580, 4022, 6841, 4926, 4544, 5570, 2499, 6467, 837, 3142, 6598, 4679, 6729, 6985, 4044, 6476, 2510, 6223, 5583, 975, 3285, 3927, 2008, 2776, 6362, 3290, 1118, 2526, 8033, 1508, 7012, 6501, 7782, 6375, 6887, 4330, 7402, 1772, 621, 2413, 4846, 1263, 6768, 3312, 6384, 7153, 2163, 5879, 2553, 6394, 5756, 2047]
细致###[1852]
快###[7170, 7173, 776, 4105, 7179, 6667, 4876, 12, 4620, 3866, 5914, 6683, 6690, 5668, 4907, 3883, 45, 2605, 4910, 2863, 52, 4150, 6966, 5175, 4927, 4928, 1347, 6215, 7239, 3147, 2641, 5457, 4945, 1874, 6228, 85, 4953, 6233, 5210, 859, 3420, 7007, 7008, 3943, 6760, 6761, 106, 4972, 622, 6766, 2927, 7026, 1650, 1653, 376, 633, 635, 123, 7554, 2946, 4488, 5000, 6282, 6794, 140, 6291, 3476, 5531, 667, 2463, 7583, 2208, 2210, 2212, 4009, 1963, 5035, 4780, 4787, 693, 7608, 2490, 442, 3522, 4295, 2504, 7119, 465, 978, 5844, 4823, 5080, 6873, 5340, 734, 3295, 4578, 6883, 5861, 3814, 5862, 5351, 3818, 7405, 1264, 1777, 756, 2804, 2809, 2300, 3326]
臭###[4513]
短###[6112, 6050, 1442, 2146, 1859, 419, 5957, 6534, 680, 233, 5995, 3404, 686, 6767, 1040, 5200, 7446, 1501, 7101, 4959]
差###[1664, 1157, 778, 1547, 7180, 2444, 2188, 4368, 3601, 4882, 531, 1939, 3604, 918, 5270, 920, 5273, 6042, 5148, 5281, 7714, 3876, 3237, 5541, 4136, 6953, 4393, 2857, 4010, 3626, 6954, 7083, 3631, 3635, 692, 3253, 3637, 5686, 6838, 1207, 1719, 3000, 3002, 2618, 4283, 4671, 3649, 3650, 963, 5061, 6344, 3274, 3924, 725, 5334, 2393, 2011, 6875, 732, 2780, 4060, 7260, 477, 1633, 2532, 6631, 4328, 7401, 3690, 1898, 7406, 1647, 1648, 2032, 3313, 1652, 7287, 1017, 2042, 1786, 4733, 4095]
得力###[750]
单纯###[2305]
厚道###[3579]
相称###[2254]
清楚###[3701]
美观###[7570, 7559, 4986, 4684, 4382]
常用###[5810]
明显###[469, 6389, 3863, 6904, 6906, 2956, 6878]
